Adelaide2017temp
1st  22.1  23.4  34.9  21.5  18.7  14.5  16.2  14.7  22.4  16.4  18.5  20.9  
2nd  24.9  24.0  35.0  21.3  17.7  16.3  18.1  16.2  21.3  18.4  19.5  20.4  
3rd  27.6  25.1  34.5  21.9  17.9  17.4  14.0  12.1  15.3  24.3  18.3  19.9  
4th  33.6  29.1  27.9  23.4  16.7  15.4  16.5  13.8  13.9  29.1  21.7  21.5  
5th  36.4  25.2  26.6  28.2  19.6  17.4  15.5  14.9  14.6  18.6  24.4  20.9  
6th  39.6  19.9  27.8  28.6  20.1  17.0  16.1  13.7  14.7  19.6  20.6  21.4  
7th  39.2  30.9  30.8  29.7  16.1  14.7  15.1  14.8  15.4  28.2  20.2  19.3  
8th  24.7  41.7  28.9  28.6  17.3  16.7  15.3  14.6  15.1  26.5  22.8  20.0  
9th  25.8  39.2  28.1  17.9  17.3  15.0  15.0  19.2  14.8  17.9  28.3  22.9  
10th  25.0  33.4  28.7  19.2  20.5  15.4  16.1  18.0  20.6  25.9  34.0  24.9  
11th  24.8  32.9  30.2  21.1  19.1  15.5  17.5  16.0  23.8  24.1  30.7  28.3  
12th  34.2  22.3  22.1  21.4  21.8  17.2  18.3  16.9  21.6  18.0  31.0  36.2  
13th  22.5  22.8  23.6  24.0  20.6  16.3  17.4  22.4  14.2  17.7  35.3  38.4  
14th  22.3  24.4  27.4  21.9  19.3  18.8  14.6  21.2  15.9  19.8  35.0  23.0  
15th  25.2  32.0  33.4  22.7  20.6  18.4  14.1  16.1  16.1  24.2  19.4  23.2  
16th  34.8  24.3  22.9  23.3  21.0  15.3  13.2  16.4  17.6  31.2  18.7  27.5  
17th  39.4  22.7  26.7  25.3  19.1  17.1  15.8  15.6  24.6  32.4  18.4  30.3  
18th  27.3  20.7  29.9  30.0  22.4  16.0  14.3  14.4  16.4  32.7  23.5  35.9  
19th  38.2  20.7  32.2  31.1  19.0  19.3  14.5  14.0  16.5  19.4  32.0  27.0  
20th  23.7  21.7  29.5  22.0  20.5  19.0  13.4  15.3  22.8  20.1  34.9  22.0  
21st  25.4  28.0  29.3  21.8  22.0  18.1  17.7  13.8  21.3  18.1  36.0  22.0  
22nd  32.1  29.5  22.5  22.5  20.2  18.9  17.7  16.3  30.0  18.8  33.6  29.6  
23rd  31.4  23.0  29.1  23.6  18.9  18.2  16.5  15.6  21.7  22.6  27.5  37.1  
24th  24.6  24.7  31.4  20.4  19.0  15.8  18.5  14.2  17.8  26.9  26.8  24.9  
25th  26.4  24.7  24.9  20.9  19.7  14.0  16.0  14.1  16.3  21.9  23.9  29.5  
26th  27.7  23.9  33.9  17.1  21.8  15.4  16.0  14.3  23.2  21.6  21.9  33.3  
27th  28.9  33.2  23.2  18.4  20.3  16.4  16.6  14.5  23.1  33.1  28.5  36.0  
28th  28.4  37.3  24.3  18.1  15.6  15.4  20.0  12.1  16.0  21.7  33.1  25.0  
29th  36.2    23.4  18.7  16.3  14.7  20.8  13.5  17.8  26.2  38.7  22.7  
30th  27.3    20.4  19.0  15.7  15.0  15.8  15.3  16.9  16.4  32.6  22.7  
31st  23.9    19.6    15.6    14.5  19.5    18.2    22.3  
Lowest daily  22.1  19.9  19.6  17.1  15.6  14.0  13.2  12.1  13.9  16.4  18.3  19.3  
Monthly mean  29.1  27.2  27.8  22.8  19.0  16.5  16.2  15.6  18.7  22.9  27.0  26.1  
Mean  28.1  28.1  25.5  22.2  18.6  15.9  15.0  15.9  18.2  21.1  24.0  25.8  
Highest monthly mean  32.5  31.8  29.7  25.0  20.6  19.9  17.1  19.1  21.3  25.4  29.8  30.3  
Lowest monthly mean  24.3  25.0  22.5  19.5  15.6  14.1  13.7  14.1  15.2  18.1  20.8  21.1  
Highest Daily  44.1 4th   2013   43.6 14th   2004   40.8 6th   1986   36.9 2nd   2005   30.4 9th   2013   26.1 8th   2005   25.9 29th   1975   29.9 30th   2007   33.9 30th   1961   38.0 31st   1987   43.1 19th   2009   42.4 30th   2005   
Lowest Daily  17.3 3rd   1987   18.5 6th   1988   16.1 31st   1999   14.0 26th   1982   11.6 10th   1978   9.8 21st   1965   9.8 28th   1998   10.2 11th   1960   11.5 15th   1957   12.2 1st   1968   13.7 1st   1994   14.9 3rd   1955   
