Albury2017solar
1st  22.1  12.6  23.5  18.2  8.2  10.4  10.1  11.8  16.5  22.0  24.9  3.7  
2nd  31.7  21.6  22.7  17.7  12.8  10.4  9.8  12.5  9.0  21.5  27.0  2.3  
3rd  31.8  28.4  23.2  15.3  13.0  10.3  3.1  3.2  9.3  22.7  23.0  21.3  
4th  28.8  19.0  14.5  17.5  12.8  10.3  4.1  4.1  12.7  22.7  28.2  17.9  
5th  27.0  11.0  21.3  17.3  12.1  8.3  3.4  8.0  13.1  7.5  27.0  19.9  
6th  31.5  3.1  22.8  17.2  10.9  10.0  6.2  4.0  10.4  21.5  12.0  22.8  
7th  29.2  28.2  22.6  16.9  12.5  10.2  8.9  7.4  9.2  21.3  28.6  22.0  
8th  13.8  21.7  20.7  7.6  12.4  10.0  6.4  11.3  16.2  7.2  29.0  26.4  
9th  4.7  27.9  22.1  6.9  12.3  8.0  6.1  7.0  17.2  20.6  29.0  31.2  
10th  19.0  27.3  20.8  9.5  12.2  9.9  9.0  12.0  17.7  24.0  27.5  31.8  
11th  31.5  12.3  18.3  16.4  11.5  10.0  8.3  10.8  15.3  19.4  27.5  31.6  
12th  31.4  5.2  13.6  16.2  9.2  8.0  10.1  5.3  5.6  21.7  29.2  31.8  
13th  3.7  26.3  17.7  15.8  11.8  9.8  9.9  12.7  12.7  20.0  28.0  31.7  
14th  31.0  27.0  19.5  15.9  9.9  9.7  5.7  13.6  15.3  24.7  29.3  12.4  
15th  31.1  26.0  18.6  15.7  11.7  7.7  10.3  3.6  8.1  24.9  25.7  30.3  
16th  30.9  26.3  10.7  14.0  11.6  7.8  9.9  10.6  18.0  25.1  5.1  26.8  
17th  30.4  15.9  20.4  15.0  10.3  8.2  6.7  9.6  19.6  25.3  15.8  28.9  
18th  16.8  24.6  20.2  15.2  11.1  9.9  6.5  11.0  19.8  25.5  13.0  25.6  
19th  30.7  22.8  17.8  14.7  1.8  9.2  7.9  14.6  17.0  3.6  26.5  17.8  
20th  15.9  18.2  14.6  14.4  8.3  8.8  8.5  14.9  20.2  23.9  30.3  14.4  
21st  30.5  25.5  7.6  3.0  9.3  9.4  11.3  7.3  20.1  26.0  29.9  31.9  
22nd  30.3  25.3  6.9  7.0  10.5  8.9  10.7  15.1  20.1  23.8  30.1  30.5  
23rd  24.6  25.1  10.7  14.2  9.2  7.6  9.8  11.3  14.0  25.9  21.7  20.0  
24th  23.4  24.9  17.2  13.5  10.3  8.5  6.0  13.2  17.7  23.1  26.3  22.7  
25th  27.6  24.5  8.4  5.1  6.4  5.6  10.9  15.5  14.3  11.8  20.9  31.9  
26th  29.7  23.4  17.5  10.3  7.0  7.6  7.4  12.7  21.3  23.3    31.8  
27th  27.4  24.0  17.3  13.3  10.4  6.4  9.8  13.1  14.5  26.3  20.5  31.1  
28th  29.5  23.9  18.5  13.4  5.8  8.3  11.0  16.0  17.3  12.3  30.9  12.3  
29th  29.3    18.3  9.0  10.2  7.3  11.5  14.4  18.5  23.1  30.9  6.5  
30th  25.2    12.4  10.5  4.0  9.8  10.6  16.2  20.0  16.1  29.2  29.3  
31st  22.4    18.2    10.5    5.8  16.5    20.9    31.9  
Lowest daily  3.7  3.1  6.9  3.0  1.8  5.6  3.1  3.2  5.6  3.6  5.1  2.3  
Monthly mean  25.6  21.5  17.4  13.2  10.0  8.9  8.3  10.9  15.4  20.6  25.1  23.6  
Mean  27.3  23.7  19.7  13.8  9.4  7.0  7.7  11.0  15.4  21.0  24.7  27.0  
Highest monthly mean  31.1  27.1  23.1  15.5  11.0  8.9  9.1  14.5  18.3  24.8  26.9  30.4  
Lowest monthly mean  22.0  20.5  16.4  10.5  7.8  5.2  5.9  8.2  13.2  18.8  20.6  22.9  
