Ballina2017solar
1st  25.9  29.6  23.2  10.5  14.1  11.8  13.4  15.5  19.1  6.8  21.6  27.9  
2nd  25.9  29.4  21.0  10.9  14.8  12.7  13.3  15.5  19.2  6.8  28.1  25.9  
3rd  11.2  26.0  24.6  5.8  11.3  12.4  13.0  12.6  19.5  9.2  28.5  21.9  
4th  28.3  27.5  14.6  8.6  6.8  12.5  13.5  15.8  19.6  24.7  24.2  11.1  
5th  18.8  27.3  18.1  9.3  13.1  13.3  13.4  15.9  19.8  24.8  24.4  24.0  
6th  19.2  28.6  25.1  16.5  14.3  13.3  13.6  15.8  20.0  23.8  20.2  30.6  
7th  21.3  27.4  24.9  15.8  15.8  13.4  7.0  15.9  20.0  13.9  17.0  31.3  
8th  28.8  26.4  16.5  14.7  10.4  12.3  13.2  16.2  20.2  17.8  14.7  19.5  
9th  29.2  24.7  21.5  19.3  9.4  9.7  13.7  16.3  20.2  20.1  25.6  20.5  
10th  30.8  27.2  22.1  19.4  4.9  7.0  9.8  16.4  19.4  22.0  21.4  29.5  
11th  29.5  28.4  23.8  19.3  15.0  3.1  9.7  16.5  20.6  17.3  15.6  29.2  
12th  16.5  27.4  24.0  15.1  11.5  5.5  9.5  14.9  19.5  7.7  28.5  28.1  
13th  27.5  18.2  10.7  13.8  10.9  8.6  13.5  16.7  20.0  14.3  28.0  31.1  
14th  30.6  22.3  7.9  17.5  5.6  6.9  13.6  16.6  17.9  10.8  29.2  31.4  
15th  11.7  21.1  1.5  17.8  14.9  10.5  13.3  17.0  21.3  6.6  29.0  31.5  
16th  20.9  26.2  19.5  18.6  14.8  8.4  12.1  17.1  21.3  11.9  24.7  29.9  
17th  30.1  27.3  22.7  18.0  13.7  5.2  13.7  17.3  17.6  6.4  25.8  30.1  
18th  30.8  26.6  15.8  16.9  10.8  12.3  14.3  17.4  21.4  14.1  10.4  30.8  
19th  18.8  14.3  14.2  16.6  5.1  8.5  14.3  17.5  21.9  23.0  27.1  31.5  
20th  24.6  24.3  4.0  11.9  10.2  7.6  14.4  17.5  19.0  25.3  15.6  31.5  
21st  2.2  11.1  12.5  15.0  14.3  9.3  14.5  14.2  21.7  3.8  21.6  12.7  
22nd  26.0  22.3  13.4  16.4  13.2  12.9  14.6  17.4  22.1  27.1  26.9  20.8  
23rd  29.5  26.4  12.5  15.9  13.7  13.2  14.7  16.6  22.7  14.0  19.2  31.3  
24th  30.3  25.5  9.2  16.7  13.4  13.2  14.7  12.8  22.7  27.2  29.7  29.3  
25th  30.2  23.7  12.8  16.2  12.8  13.2  14.8  14.3  19.5  26.9  30.4  25.6  
26th  17.1  18.2  16.5  4.4  14.0  13.2  14.9  18.3  22.0  25.2    16.0  
27th  13.6  6.3  15.5  16.1  14.0  9.2  14.4  17.3  16.7  27.9  26.9  29.7  
28th  27.7  10.4  21.4  11.6  11.2  11.8  14.8  18.7  22.3  26.5  27.3  30.2  
29th  28.9    17.8  16.7  13.8  9.7  15.2  18.8  21.4  26.9  19.4  29.4  
30th  28.0    0.1  14.7  11.9  12.5  15.3  18.9  16.6  19.6  12.1  16.6  
31st  29.7    5.8    13.7    15.4  17.5    25.6    21.4  
Lowest daily  2.2  6.3  0.1  4.4  4.9  3.1  7.0  12.6  16.6  3.8  10.4  11.1  
Monthly mean  24.0  23.4  15.9  14.7  12.0  10.4  13.4  16.4  20.2  18.0  23.2  26.1  
Mean  24.0  21.5  18.4  15.5  12.1  10.5  11.9  15.4  19.2  21.3  23.1  24.2  
Highest monthly mean  27.2  25.6  23.1  18.3  14.3  12.4  13.7  17.6  22.0  24.0  28.2  27.4  
Lowest monthly mean  20.9  16.7  15.5  12.8  9.8  9.2  10.0  13.3  14.1  18.0  19.3  17.4  
