Bendigo2017solar
1st  23.0  9.2  23.8  15.0  7.5  10.0  9.8  10.9  14.2  14.8  18.3  7.2  
2nd  31.9  27.0  23.7  17.3  10.7  9.8  9.6  12.1  5.6  22.0  13.0  5.6  
3rd  31.9  28.7  23.5  17.1  12.4  9.8  3.3  4.1  9.8  22.3  24.6  23.8  
4th  30.1  27.3  21.4  15.2  12.5  9.9  5.7  4.2  13.3  22.0  28.1  15.6  
5th  26.8  3.7  23.1  15.9  10.8  7.3  7.3  8.5  11.2  13.3  27.0  29.8  
6th  28.8  2.4  22.9  15.1  9.9  8.6  8.2  7.7  12.4  21.4  24.7  26.0  
7th  26.4  28.2  22.6  15.9  10.5  9.8  7.4  8.7  11.8  18.6  23.8  19.3  
8th  23.2  27.8  22.5  11.3  10.1  9.3  5.0  11.7  14.7  12.8  28.8  25.6  
9th  2.6  19.3  22.1  5.4  11.1  9.6  8.6  11.3  13.6  21.5  28.7  28.2  
10th  27.9  27.4  19.5  10.4  11.8  9.7  8.9  11.7  16.8  23.7  23.8  31.9  
11th  31.4  20.9  17.9  13.8  11.0  9.1  9.3  10.7  12.8  8.0  17.9  31.9  
12th  31.4  15.4  15.4  15.8  11.1  7.6  9.8  7.2  13.2  19.1  26.1  31.9  
13th  2.5  15.4  21.0  15.6  11.2  9.7  6.6  12.9  14.4  13.7  27.9  32.0  
14th  26.9  26.7  21.1  14.8  11.3  8.3  8.6  12.3  11.8  24.5  27.0  19.8  
15th  31.0  23.5  19.2  15.3  10.9  7.0  10.0  3.8  8.8  24.2  12.4  32.1  
16th  30.9  25.5  15.9  13.9  10.7  8.2  7.4  10.0  17.6  23.8  8.2  31.2  
17th  29.9  26.2  20.6  12.3  7.0  9.6  7.3  6.6  19.3  25.0  16.0  23.2  
18th  22.7  19.1  20.4  14.8  9.3  9.0  6.6  12.1  14.5  25.0  23.7  19.0  
19th  29.6  15.0  20.1  13.5  3.3  7.5  8.9  13.0  17.7  15.9  23.7  15.4  
20th  19.7  16.7  14.8  10.0  5.0  9.6  8.2  13.5  19.5  25.3  29.7  25.2  
21st  30.5  25.6  8.2  2.8  7.4  8.6  10.9  9.7  17.9  24.6  27.0  32.2  
22nd  30.4  25.1  16.9  7.2  10.3  6.4  9.8  14.1  19.8  16.3  29.2  30.7  
23rd  17.9  25.2  14.2  9.1  9.6  8.3  8.3  9.3  16.3  26.0  24.2  17.5  
24th  29.3  25.0  12.3  11.3  8.3  7.3  8.6  12.4  17.7  16.0  18.1  31.3  
25th  29.7  24.0  16.3  10.5  5.7  6.5  10.5  15.0  17.4  14.5  13.3  32.2  
26th  29.9  24.0  14.3  12.8  7.6  7.8  7.9  10.2  21.1  24.7    31.8  
27th  29.8  24.3  12.4  10.4  7.4  4.4  8.4  13.8  18.7  26.7  28.1  30.5  
28th  29.6  24.1  18.4  6.4  6.0  6.8  9.1  11.2  14.7  15.9  31.0  15.3  
29th  29.5    17.5  6.4  9.7  6.9  11.2  8.5  15.3  27.1  30.5  8.5  
30th  9.0    14.5  5.1  7.9  9.2  10.8  12.6  19.3  12.7  24.7  22.0  
31st  21.2    17.7    8.0    9.9  16.3    20.8    32.1  
Lowest daily  2.5  2.4  8.2  2.8  3.3  4.4  3.3  3.8  5.6  8.0  8.2  5.6  
Monthly mean  25.7  21.5  18.5  12.0  9.2  8.4  8.5  10.5  15.0  20.1  23.4  24.5  
Mean  27.2  24.0  19.3  13.4  9.0  6.7  7.3  10.8  14.9  20.5  24.3  27.0  
Highest monthly mean  31.8  28.1  21.6  15.8  10.9  8.4  9.0  14.0  16.9  24.4  27.0  31.0  
Lowest monthly mean  22.6  21.0  16.9  11.2  7.9  5.1  6.0  9.0  11.9  18.7  20.6  21.7  
