Brisbane2017solar
1st  31.1  29.7  23.3  20.1  16.0  14.2  14.0  16.1  19.3  10.8  22.7  29.0  
2nd  27.3  29.6  19.8  15.0  16.0  14.3  14.1  16.0  19.5  6.1  26.5  25.5  
3rd  7.7  26.7  22.4  13.5  14.0  13.8  13.3  14.5  19.8  17.9  25.5  19.7  
4th  19.7  28.5  18.2  12.6  12.1  13.3  13.8  16.4  19.8  17.1  29.0  7.6  
5th  15.9  25.4  18.7  17.4  15.3  14.1  13.9  16.5  20.4  25.1  24.7  21.2  
6th  17.6  28.4  20.7  9.9  15.9  13.9  14.1  15.7  20.5  23.4  18.7  31.2  
7th  22.9  27.0  24.5  19.2  14.8  14.1  5.6  16.3  20.6  9.6  19.2  30.4  
8th  26.2  24.3  14.6  16.2  8.7  14.0  14.3  16.8  20.7  17.7  18.3  16.8  
9th  26.2  26.1  20.8  16.1  13.5  12.3  13.5  17.0  20.6  20.3  25.7  28.9  
10th  28.0  26.4  24.3  19.7  4.9  11.2  11.5  17.1  20.8  25.4  22.6  25.8  
11th  28.5  28.6  24.2  19.9  14.2  6.8  13.7  17.2  21.1  16.0  17.2  26.8  
12th  27.8  28.5  21.4  18.0  12.7  12.3  13.2  15.0  21.1  5.9  25.4  27.4  
13th  28.3  20.6  7.7  14.0  9.5  5.6  13.2  17.3  20.5  22.6  25.4  26.1  
14th  30.8  13.8  11.3  13.9  9.7  7.2  14.4  17.1  19.3  10.3  27.8  30.5  
15th  7.6  16.6  12.2  16.8  15.6  11.9  14.4  17.7  21.7  10.9  20.6  30.9  
16th  27.6  22.9  17.8  18.0  15.5  10.8  12.7  17.8  21.9  8.7  27.7  28.8  
17th  29.3  26.0  15.9  14.7  14.4  11.4  14.5  17.9  18.1  7.2  23.6  28.3  
18th  30.8  27.5  17.9  15.5  9.9  13.9  14.6  17.9  21.0  12.4  4.7  29.4  
19th  17.3  16.8  12.4  15.8  5.7  12.2  14.8  18.1  22.3  16.3  15.6  30.5  
20th  26.3  22.5  7.2  16.4  13.3  9.3  15.1  18.2  22.4  18.3  25.6  30.7  
21st  15.3  24.9  11.6  14.0  14.5  13.2  15.2  16.4  20.8  4.2  23.4  30.0  
22nd  22.7  21.6  8.6  12.1  13.6  12.4  15.2  17.2  21.3  26.0  21.4  20.6  
23rd  23.6  23.4  13.7  15.7  14.9  13.9  15.3  16.9  23.2  17.3  23.9  29.6  
24th  30.4  25.4  12.5  14.0  14.3  13.7  15.4  12.3  23.3  25.8  28.4  31.5  
25th  30.2  24.8  16.9  17.0  14.5  13.8  15.5  16.9  23.5  28.0  24.2  29.9  
26th  27.7  17.3  21.0  6.6  14.2  13.9  15.6  18.9  17.3  27.3    19.5  
27th  6.8  21.5  18.4  17.6  12.3  8.8  15.6  17.3  10.8  28.1  26.4  22.6  
28th  25.0  22.1  20.7  15.8  14.2  13.7  15.5  19.3  23.9  27.0  24.0  20.6  
29th  28.9    11.8  17.4  14.5  14.0  15.8  19.1  24.2  28.0  5.4  29.7  
30th  26.9    0.8  15.9  14.3  13.8  15.9  19.5  24.0  23.9  20.7  24.7  
31st  29.6    17.4    14.4    15.6  17.8    28.0    16.5  
Lowest daily  6.8  13.8  0.8  6.6  4.9  5.6  5.6  12.3  10.8  4.2  4.7  7.6  
Monthly mean  24.0  24.2  16.4  15.6  13.1  12.3  14.2  17.0  20.8  18.2  22.2  25.8  
Mean  23.6  21.2  18.9  16.3  13.3  11.7  13.0  16.0  19.5  21.6  23.5  24.0  
Highest monthly mean  27.1  25.2  23.2  18.4  15.5  13.4  15.1  18.0  22.4  23.6  27.4  28.0  
Lowest monthly mean  19.9  16.6  15.5  13.5  11.0  10.3  10.8  14.0  14.4  17.6  20.0  16.5  
