Bundaberg2017solar
1st  26.7  28.8  25.2  20.2  16.3  15.5  14.8  17.0  18.0  14.4  22.7  20.2  
2nd  18.4  27.7  23.9  21.2  15.2  15.2  15.1  17.1  19.3  1.7  26.3  22.4  
3rd  20.8  27.3  24.0  19.5  17.2  15.4  14.7  14.5  20.1  12.4  27.0  15.5  
4th  26.8  26.9  17.6  21.1  13.2  15.0  14.8  17.0  20.8  21.1  28.6  4.3  
5th  22.2  27.0  23.8  21.7  16.9  15.2  15.2  16.7  21.0  23.1  28.9  23.0  
6th  20.6  26.1  25.4  18.9  16.8  15.2  13.7  10.3  21.2  24.3  26.7  30.9  
7th  15.6  24.8  19.6  20.3  13.6  15.2  8.0  11.3  21.3  24.5  25.4  29.1  
8th  27.0  21.0  10.8  18.7  16.7  15.2  15.4  17.8  21.4  22.0  23.2  28.2  
9th  28.3  28.9  16.0  11.6  10.1  15.1  11.1  17.9  20.3  24.7  28.0  22.0  
10th  30.8  25.2  25.1  19.7  6.4  14.4  11.5  17.9  20.4  25.5  28.0  29.5  
11th  30.8  28.6  22.7  20.9  16.9  12.9  9.1  18.0  21.0  21.8  26.9  28.7  
12th  26.9  28.4  24.3  19.7  14.1  9.9  15.6  18.1  21.3  25.1  27.8  31.0  
13th  26.8  10.9  23.1  19.2  16.3  14.1  15.6  18.2  21.2  11.6  28.3  31.0  
14th  26.9  21.4  19.4  18.8  14.2  10.7  10.0  16.8  14.8  6.9  24.0  30.9  
15th  16.0  28.1  7.3  18.9  16.7  12.4  15.6  18.4  22.2  15.1  23.0  29.7  
16th  28.9  27.9  18.5  20.1  16.6  13.2  14.0  18.3  21.8  4.5  29.9  27.3  
17th  30.0  27.9  22.5  20.0  15.7  12.8  15.9  18.7  21.6  3.9  28.6  30.0  
18th  29.9  27.5  20.2  19.9  5.6  14.6  15.9  18.9  21.3  7.0  6.5  30.6  
19th  29.6  23.9  18.3  17.5  6.3  13.9  16.0  18.9  20.4  20.3  25.1  30.7  
20th  24.9  23.2  11.6  18.3  12.8  14.0  16.1  19.0  22.1  25.7  26.6  30.1  
21st  19.4  22.8  6.6  17.7  14.3  15.0  16.2  17.1  22.1  8.2  23.2  28.6  
22nd  9.9  26.7  4.7  15.9  15.8  13.4  16.1  18.6  17.6  25.9  11.0  20.2  
23rd  30.3  26.9  6.3  17.6  15.6  14.4  15.6  19.1  22.9  27.3  30.3  28.3  
24th  29.7  26.9  19.8  18.7  16.0  15.0  16.2  16.7  23.0  27.7  30.4  30.7  
25th  29.6  26.9  19.6  18.1  15.9  15.1  16.4  19.6  23.3  28.1  26.6  30.4  
26th  28.2  25.6  15.8  18.8  15.7  15.1  16.4  19.6  23.9  28.2  28.9  30.2  
27th  25.8  24.5  18.3  17.8  15.1  14.0  16.5  18.4  22.7  28.3  27.9  29.2  
28th  28.2  26.4  9.3  18.6  14.9  13.2  16.2  19.9  23.6  22.5  19.9  29.7  
29th  27.0    7.6  17.5  15.1  13.8  16.7  18.4  24.3  20.6  13.7  29.9  
30th  28.2    3.6  14.0  11.0  12.7  16.7  18.5  24.5  25.0  8.2  30.2  
31st  29.5    22.5    15.0    15.6  20.3    27.7    25.4  
Lowest daily  9.9  10.9  3.6  11.6  5.6  9.9  8.0  10.3  14.8  1.7  6.5  4.3  
Monthly mean  25.6  25.7  17.2  18.7  14.3  14.1  14.7  17.7  21.3  19.5  24.4  27.0  
Mean  25.0  22.6  20.6  17.9  14.8  13.1  14.4  17.7  21.1  23.1  24.9  25.2  
Highest monthly mean  29.5  26.9  23.9  20.0  16.4  14.9  16.1  19.8  23.1  25.5  28.0  28.7  
Lowest monthly mean  21.5  17.6  15.0  14.3  12.4  10.4  12.0  15.5  15.6  19.5  19.2  18.0  
