Burra2017solar
1st  26.4  20.2  22.6  11.4  9.8  11.5  11.2  13.4  14.1  22.2  26.2  3.7  
2nd  31.0  22.3  23.2  18.0  7.9  11.4  11.2  5.0  9.1  23.1  26.0  14.8  
3rd  31.2  28.7  24.2  18.0  11.1  11.4  11.3  6.5  13.6  23.3  7.3  20.3  
4th  30.8  11.0  23.9  15.3  14.0  11.3  7.7  8.9  14.7  23.1  26.2  16.9  
5th  17.2  4.6  23.9  17.3  13.1  11.3  7.8  10.8  13.9  16.1  24.9  27.2  
6th  31.5  2.6  23.5  17.5  11.1  8.6  10.7  10.3  11.7  13.0  27.6  31.0  
7th  27.3  22.5  23.4  16.0  13.7  11.2  9.4  9.5  15.2  16.0  27.1  12.9  
8th  14.4  28.6  22.9  17.0  13.5  10.7  9.8  13.6  14.2  24.0  27.7  24.4  
9th  7.9  27.7  20.4  11.5  13.4  9.6  9.5  12.0  15.3  22.7  23.9  31.8  
10th  26.1  27.2  22.7  14.2  12.9  9.8  9.4  14.5  12.6  24.2  17.3  31.9  
11th  30.9  27.9  8.7  16.7  10.9  10.6  11.6  13.0  17.9  12.1  10.8  31.9  
12th  30.0  16.7  14.7  16.6  13.1  8.7  11.6  14.4  18.6  23.4  22.2  31.5  
13th  8.9  27.3  17.1  16.5  13.0  10.8  9.9  14.0  16.8  23.0  18.0  23.5  
14th  29.5  27.2  22.2  16.3  12.9  11.0  7.7  10.2  16.2  24.1  19.5  12.5  
15th  30.5  19.8  21.1  15.8  12.7  9.2  8.2  5.5  12.6  25.2  9.6  29.3  
16th  31.1  24.9  20.5  14.8  5.4  6.5  6.1  14.5  18.7  25.2  17.8  30.6  
17th  31.1  26.1  21.5  15.2  4.2  9.6  9.4  10.3  20.5  25.1  19.0  26.1  
18th  31.0  16.6  21.3  13.2  8.0  11.0  8.1  13.8  13.2  24.8  23.4  8.2  
19th  17.1  17.6  21.1  10.1  11.0  11.0  9.0  14.8  17.6  12.8  26.8  31.0  
20th  17.6  20.3  15.2  5.3  10.0  11.0  11.9  8.1  20.3  25.1  27.1  24.2  
21st  30.8  26.5  20.1  10.2  12.2  10.9  12.4  7.6  21.2  25.6  28.9  32.0  
22nd  30.6  26.3  10.2  10.0  4.4  10.9  12.5  9.8  21.4  23.8  16.3  31.9  
23rd  19.6  26.0  19.8  9.1  11.6  10.5  11.8  12.8  21.6  24.3  6.4  31.6  
24th  26.9  25.6  16.6  4.7  10.6  9.2  12.6  12.3  21.3  8.5  19.5  29.2  
25th  30.4  25.7  13.4  10.6  11.9  7.9  8.6  16.2  21.9  21.1  20.8  31.9  
26th  30.3  25.5  19.1  11.7  11.7  10.2  12.2  14.7  18.4  22.7    31.9  
27th  30.2  25.1  19.3  9.0  11.3  5.6  9.9  10.3  22.3  20.8  29.9  21.2  
28th  30.1  22.0  18.8  6.6  8.4  9.8  12.6  15.2  16.0  23.2  30.2  19.2  
29th  29.9    16.2  8.4  6.4  8.4  10.0  14.3  22.5  25.8  17.9  8.4  
30th  16.5    14.0  11.4  9.4  10.0  11.8  16.7  21.6  21.7  19.5  30.9  
31st  15.4    18.4    11.6    9.7  17.6    26.8    31.7  
Lowest daily  7.9  2.6  8.7  4.7  4.2  5.6  6.1  5.0  9.1  8.5  6.4  3.7  
Monthly mean  25.5  22.2  19.3  13.0  10.7  10.0  10.2  12.0  17.2  21.7  21.3  24.6  
Mean  27.6  24.6  20.4  14.7  10.5  8.6  9.3  12.4  16.9  21.8  24.9  26.9  
Highest monthly mean  32.9  28.6  22.9  16.6  11.9  10.0  11.1  15.4  19.9  25.8  27.6  30.4  
Lowest monthly mean  24.8  22.2  16.8  12.9  8.8  7.6  8.0  10.8  13.9  18.4  21.3  22.3  
