Cairns2017solar
1st  22.6  12.2  21.0  16.7  13.7  10.4  10.9  16.1  14.2  18.1  20.7  24.9  
2nd  13.4  11.4  18.8  23.7  18.8  10.0  9.3  18.8  17.4  16.4  18.9  25.5  
3rd  14.9  15.7  7.1  17.4  19.8  12.8  8.1  18.6  18.1  18.7  17.3  22.1  
4th  12.0  11.2  17.3  8.1  17.3  15.5  16.2  11.7  22.4  23.4  28.3  25.3  
5th  12.2  7.4  18.0  12.1  13.7  9.0  17.5  16.2  23.8  20.2  26.6  29.4  
6th  14.3  24.1  26.5  13.1  18.9  16.2  17.5  12.2  24.0  16.5  26.4  29.3  
7th  21.4  14.0  27.0  10.4  11.5  17.9  18.6  15.9  22.9  22.2  28.8  29.1  
8th  14.7  23.8  21.9  14.1  18.5  18.6  18.1  19.0  21.0  21.8  24.8  25.9  
9th  12.4  21.4  15.9  19.3  20.4  18.6  17.5  16.0  23.8  26.7  14.4  28.0  
10th  2.0  22.8  22.3  23.5  18.9  16.9  17.6  17.6  22.5  27.2  10.9  28.2  
11th  22.8  22.8  26.8  21.8  19.1  8.9  17.9  20.6  17.5  26.0  16.5  26.5  
12th  21.2  25.0  26.7  13.0  14.6  18.3  13.2  17.9  19.0  16.4  23.4  25.7  
13th  23.5  28.5  26.6  16.6  15.2  18.3  12.7  19.7  21.6  25.8  20.3  22.9  
14th  23.4  24.6  25.6  11.1  17.4  10.6  17.1  18.2  24.1  17.9  16.7  29.5  
15th  12.9  18.8  23.6  19.7  19.9  13.7  14.1  21.6  12.3  22.2  20.8  28.7  
16th  26.9  18.5  25.5  16.6  19.7  12.2  19.2  20.8  24.3  13.4  24.3  28.8  
17th  23.0  17.6  26.1  20.9  9.3  16.6  18.6  20.9  20.7  7.7  22.2  20.2  
18th  20.0  23.6  23.3  12.2  9.8  18.3  18.9  22.0  15.3  15.0  21.9  25.9  
19th  29.3  23.3  14.1  17.0  7.6  14.6  19.4  22.1  5.6  8.0  21.4  27.7  
20th  27.0  27.3  16.9  18.5  18.6  15.6  19.5  21.9  18.8  8.7  14.1  22.4  
21st  21.2  25.4  17.9  11.5  17.9  9.8  16.2  16.7  25.4  14.3  17.1  27.8  
22nd  23.0  23.0  23.8  15.6  19.3  16.3  15.4  22.4  21.1  12.4  15.8  26.2  
23rd  23.7  22.4  18.5  19.4  17.4  14.3  15.9  22.1  24.7  24.9  25.6  20.4  
24th  25.1  12.4  16.3  15.9  15.6  12.1  15.2  21.8  24.6  19.4  21.8  29.3  
25th  22.0  14.0  24.1  14.5  19.0  15.8  15.4  22.5  24.6  27.8  25.1  29.0  
26th  12.9  26.5  23.8  18.9  14.6  14.4  8.5  15.5  24.2  28.1  25.8  27.4  
27th  27.6  23.8  24.3  21.6  15.0  13.8  10.9  17.8  20.0  28.3  22.0  28.5  
28th  25.7  20.1  24.6  21.5  17.7  13.3  15.7  19.8  22.0  28.3  21.3  26.2  
29th  20.9    22.7  21.4  19.0  7.9  14.9  20.0  23.3  28.4  22.7  27.1  
30th  25.0    20.0  19.1  16.7  9.6  17.9  20.3  20.9  24.6  24.5  24.6  
31st  15.2    21.3    14.9    11.3  19.4    23.7    29.1  
Lowest daily  2.0  7.4  7.1  8.1  7.6  7.9  8.1  11.7  5.6  7.7  10.9  20.2  
Monthly mean  19.7  20.1  21.6  16.8  16.4  14.0  15.5  18.9  20.7  20.4  21.3  26.5  
Mean  21.6  19.9  19.3  18.0  16.2  15.1  16.1  18.8  22.0  23.5  23.3  22.8  
Highest monthly mean  26.1  27.0  24.1  21.2  19.9  17.3  18.2  22.5  24.7  26.4  26.9  26.8  
Lowest monthly mean  15.8  14.1  14.6  14.4  12.6  12.6  11.9  14.0  17.9  19.9  16.6  17.3  
