Canberra2017solar
1st  10.7  5.4  19.2  18.5  10.7  10.7  10.5  11.9  17.0  22.5  26.7  16.2  
2nd  26.8  23.9  9.4  15.2  6.8  10.6  10.5  12.8  13.5  22.7  26.5  4.1  
3rd  30.6  24.2  17.9  10.0  13.0  10.3  5.0  7.6  13.1  22.4  21.8  24.8  
4th  20.0  24.4  10.6  11.7  11.9  10.6  9.1  7.3  13.0  22.8  25.2  3.0  
5th  24.8  21.3  17.1  12.8  11.8  10.1  7.5  11.7  14.3  16.4  22.5  8.0  
6th  30.3  16.1  23.5  16.8  6.3  7.8  10.6  12.3  15.4  20.8  8.9  13.1  
7th  30.6  6.7  22.5  17.2  12.9  10.1  10.1  10.6  15.0  22.4  24.2  29.8  
8th  21.9  7.9  13.5  15.2  12.0  10.2  7.7  13.5  17.9  13.0  28.9  28.2  
9th  17.0  27.2  19.7  3.2  12.6  6.2  7.5  13.6  17.0  19.4  28.7  31.5  
10th  24.5  26.8  22.4  8.6  12.5  7.5  10.4  13.2  18.5  23.1  25.7  31.4  
11th  29.4  24.5  18.4  16.2  12.1  8.7  10.7  13.4  17.6  22.9  18.5  31.0  
12th  30.7  13.4  21.3  13.9  9.6  8.7  10.7  13.6  17.4  24.6  21.0  31.5  
13th  17.8  27.2  17.5  10.8  11.0  10.3  10.8  13.9  13.6  24.6  22.2  31.9  
14th  30.9  25.3  14.3  16.2  5.5  10.0  8.5  14.1  16.8  12.7  27.4  13.0  
15th  30.9  26.0  11.7  14.0  11.7  7.4  6.3  9.2  13.1  22.4  28.7  25.9  
16th  30.2  25.8  12.9  14.6  11.9  6.0  11.2  11.5  14.0  25.2  4.9  27.7  
17th  27.8  23.5  15.4  15.5  11.7  5.4  10.2  13.1  19.8  25.4  13.1  31.8  
18th  25.1  13.0  12.7  14.5  11.7  10.3  10.2  14.6  20.0  25.4  7.2  23.1  
19th  11.7  26.0  9.9  14.9  4.0  10.3  11.1  14.9  19.8  19.7  27.1  22.1  
20th  10.7  26.0  16.8  14.9  10.4  7.7  11.4  15.1  20.3  9.2  29.8  6.1  
21st  30.4  25.9  4.5  7.9  11.5  10.2  11.5  9.5  20.4  25.7  30.3  27.4  
22nd  28.9  25.6  11.6  8.1  11.3  9.5  10.8  15.4  19.6  15.3  29.7  27.0  
23rd  22.6  24.1  4.3  14.6  10.4  9.6  11.8  14.6  20.2  26.5  26.3  31.5  
24th  18.8  23.2  10.8  11.8  10.8  10.3  11.8  12.1  19.3  18.7  19.5  22.1  
25th  16.6  9.4  6.7  4.6  7.4  9.7  11.3  15.8  20.1  16.4  27.1  19.9  
26th  26.4  21.4  19.2  4.9  9.5  10.3  10.3  14.8  21.4  12.7    19.9  
27th  26.3  16.9  19.3  14.1  9.9  7.6  10.0  8.8  18.2  18.1  16.9  22.7  
28th  28.6  17.1  16.0  13.9  8.7  7.6  12.2  15.8  20.4  17.8  27.4  22.8  
29th  29.3    18.5  12.1  10.9  9.6  11.8  15.9  21.7  21.4  29.9  16.3  
30th  21.6    11.0  13.6  10.7  10.4  6.5  16.6  21.8  26.4  27.0  31.1  
31st  21.4    18.7    10.8    3.7  16.7    24.1    26.4  
Lowest daily  10.7  5.4  4.3  3.2  4.0  5.4  3.7  7.3  13.0  9.2  4.9  3.0  
Monthly mean  24.3  20.6  15.1  12.7  10.4  9.1  9.7  13.0  17.7  20.7  23.2  22.6  
Mean  25.5  22.2  18.6  13.7  10.2  7.9  8.9  12.3  16.5  20.8  23.9  25.9  
Highest monthly mean  30.6  26.8  21.7  16.2  11.2  9.1  10.1  14.8  18.6  24.9  28.3  30.5  
Lowest monthly mean  20.3  18.6  14.6  9.9  8.5  6.5  7.8  10.0  13.5  17.5  19.3  22.6  
