CoffsHarbour2017solar
1st  21.5  27.9  19.7  13.7  15.5  11.8  12.7  14.8  18.5  10.5  23.6  16.4  
2nd  3.9  21.3  23.9  11.0  13.8  13.0  12.8  14.7  18.9  6.2  28.5  22.4  
3rd  25.0  20.8  24.1  10.5  5.7  11.9  12.3  14.7  18.9  11.3  28.7  30.5  
4th  10.9  19.4  15.7  16.4  8.3  11.9  12.8  15.2  19.0  24.2  19.7  19.9  
5th  13.8  26.8  10.9  13.1  15.2  12.7  12.4  15.2  19.2  23.9  13.2  17.2  
6th  12.8  29.0  23.0  11.6  12.1  12.8  12.9  15.3  19.4  16.1  26.1  29.3  
7th  24.6  27.8  21.6  16.1  15.1  11.9  12.8  15.1  19.5  8.5  26.5  31.5  
8th  30.1  18.4  14.5  17.0  10.1  10.9  13.0  15.6  19.6  14.0  21.9  20.3  
9th  31.3  21.0  18.1  9.8  12.1  7.5  12.8  15.6  19.7  24.2  15.3  21.1  
10th  30.7  28.4  21.9  18.9  11.6  4.5  12.0  15.7  19.6  12.6  21.3  26.7  
11th  14.7  28.3  23.3  17.5  13.5  4.8  13.2  15.7  18.8  18.6  14.3  30.8  
12th  14.0  19.6  22.5  13.4  14.1  2.2  11.9  13.3  19.6  9.8  20.5  30.4  
13th  29.3  5.1  6.7  16.1  9.9  10.2  12.9  16.1  19.7  17.7  29.2  31.7  
14th  22.8  6.7  6.0  17.9  3.8  9.1  13.2  15.6  16.9  3.5  27.3  31.6  
15th  2.7  20.0  0.8  17.8  13.4  11.7  4.3  15.6  20.7  10.6  28.4  31.3  
16th  9.7  27.6  18.7  17.5  14.2  7.0  13.2  16.4  20.9  7.9  23.9  31.4  
17th  30.9  19.6  9.3  17.2  13.4  4.3  12.8  16.6  17.3  21.7  12.1  27.9  
18th  30.2  27.1  2.3  16.5  12.9  11.3  13.6  16.8  21.2  15.6  13.1  27.9  
19th  5.8  6.3  14.3  14.9  4.3  5.6  13.0  16.8  20.9  18.8  19.1  30.5  
20th  19.8  27.1  6.4  14.3  11.0  8.8  13.8  15.0  19.7  21.4  17.1  21.8  
21st  17.0  13.8  9.6  11.8  12.8  11.8  13.8  9.3  21.7  5.1  28.6  5.9  
22nd  26.8  24.9  9.9  14.3  11.6  12.5  13.9  16.8  18.1  23.3  21.4  16.5  
23rd  30.4  25.3  13.3  15.0  13.5  12.6  14.0  16.3  22.0  23.0  27.4  30.4  
24th  30.4  25.8  6.9  16.7  12.6  8.5  14.1  16.9  22.3  27.4  30.6  26.9  
25th  11.4  23.3  13.5  16.2  13.4  4.6  14.2  15.6  17.8  25.0  29.5  14.1  
26th  5.8  16.4  12.7  3.4  13.4  12.6  14.3  16.6  21.2  22.7    15.0  
27th  20.5  5.8  19.9  14.1  13.3  9.6  14.3  17.3  10.8  25.3  25.6  23.8  
28th  28.7  6.6  21.0  6.9  4.8  8.9  14.2  17.7  18.3  27.2  28.8  26.1  
29th  29.9    19.5  16.1  13.2  4.0  14.5  18.2  20.7  22.9  23.5  28.7  
30th  29.2    2.3  15.1  11.3  12.7  14.2  18.3  1.2  28.2  24.6  7.4  
31st  29.6    16.8    13.1    14.6  18.4    28.3    6.0  
Lowest daily  2.7  5.1  0.8  3.4  3.8  2.2  4.3  9.3  1.2  3.5  12.1  5.9  
Monthly mean  20.8  20.4  14.5  14.4  11.7  9.4  13.1  15.8  18.7  17.9  23.1  23.6  
