Darwin2017solar
1st  21.9  24.2  27.5  23.9  22.5  20.1  19.8  21.7  23.5  17.3  21.5  28.1  
2nd  12.9  24.9  26.8  24.8  21.3  20.2  19.2  21.1  23.5  18.5  25.1  23.0  
3rd  9.8  13.1  23.8  24.1  21.3  18.1  19.2  22.1  23.4  25.7  26.9  8.3  
4th  24.7  3.7  17.7  24.1  22.2  18.7  19.6  22.0  23.4  23.9  27.6  26.1  
5th  18.2  4.0  6.9  20.8  22.5  20.4  20.3  20.5  24.6  21.7  26.9  28.1  
6th  23.7  2.7  11.2  23.8  21.9  20.5  18.2  19.2  24.8  22.9  20.8  28.4  
7th  23.2  13.7  25.1  23.9  22.1  20.4  18.2  20.7  24.6  20.4  26.7  24.5  
8th  24.1  10.4  13.7  24.2  21.8  20.3  17.2  22.5  24.9  23.3  22.0  27.3  
9th  23.6  16.2  19.8  21.5  22.2  17.4  18.5  22.6  25.0  27.2  26.3  24.1  
10th  26.8  16.2  21.6  14.1  22.1  19.3  19.9  22.6  25.1  17.8  22.1  25.8  
11th  21.6  19.2  24.0  4.3  22.0  20.3  20.0  19.9  25.1  20.2  25.9  27.9  
12th  16.6  11.5  24.1  14.8  21.9  20.1  20.5  22.7  23.5  24.2  17.2  23.5  
13th  26.8  16.0  17.5  23.9  19.5  20.3  20.5  22.1  20.8  22.1  27.3  24.2  
14th  24.6  27.6  24.4  23.0  21.8  20.3  20.8  22.9  21.6  22.4  19.1  24.8  
15th  23.6  26.2  22.9  22.0  21.7  20.3  20.8  22.9  25.1  17.8  23.6  16.1  
16th  19.1  26.4  25.5  23.3  19.3  20.1  20.9  21.2  25.6  24.8  13.5  23.6  
17th  28.0  27.3  22.1  22.4  20.4  19.7  19.6  22.7  25.2  25.5  20.2  28.2  
18th  20.4  23.4  22.0  23.2  21.2  20.2  21.0  23.1  25.1  16.2  27.3  28.0  
19th  22.5  23.7  25.5  23.5  21.4  20.3  21.0  23.3  25.4  21.9  23.9  26.3  
20th  10.8  26.6  10.5  23.0  20.9  20.2  21.1  23.2  24.7  25.2  27.0  21.6  
21st  14.4  28.2  21.9  22.2  20.0  19.7  21.1  23.4  24.8  24.4  21.5  19.2  
22nd  19.6  28.1  18.0  23.0  18.4  20.3  19.3  22.5  25.0  18.9  13.8  24.0  
23rd  9.3  28.1  19.4  23.5  21.1  20.2  21.3  23.6  24.9  24.1  21.0  26.6  
24th  8.4  18.1  19.7  23.4  21.1  20.1  21.3  23.7  25.5  26.9  21.6  22.8  
25th  21.7  18.4  13.0  22.4  21.1  20.3  21.4  23.8  25.8  26.5  18.4  3.5  
26th  25.1  26.0  22.4  10.3  21.0  20.2  21.2  23.9  25.7  25.4  25.4  11.6  
27th  17.1  24.1  20.2  5.5  20.8  18.9  21.5  24.0  22.7  28.0  26.2  10.9  
28th  27.0  26.6  24.6  12.2  18.5  18.5  21.5  24.0  23.4  26.7  25.7  27.0  
29th  24.8    23.4  23.0  20.8  20.2  19.2  23.3  24.4  27.3  24.6  24.3  
30th  13.4    23.7  22.9  20.6  20.4  20.1  24.1  23.8  27.4  27.7  26.8  
31st  19.9    19.7    20.6    20.4  24.2    15.9    23.0  
Lowest daily  8.4  2.7  6.9  4.3  18.4  17.4  17.2  19.2  20.8  15.9  13.5  3.5  
Monthly mean  20.1  19.8  20.6  20.6  21.1  19.9  20.1  22.6  24.4  22.9  23.2  22.8  
Mean  18.9  19.3  21.1  21.9  20.6  19.7  20.6  22.9  23.8  24.1  22.7  20.1  
Highest monthly mean  23.0  25.3  25.1  24.9  22.6  21.2  22.4  25.8  26.9  26.8  24.9  26.4  
Lowest monthly mean  13.6  12.8  16.5  18.8  18.2  18.0  18.4  20.2  20.7  21.2  18.8  15.0  
