Darwin2017temp
1st  31.7  32.8  34.4  32.9  32.3  31.6  30.7  32.4  33.5  32.5  33.2  35.0  
2nd  30.4  32.1  34.6  33.1  33.1  32.0  32.1  30.8  32.5  32.0  34.3  34.1  
3rd  29.3  30.2  34.7  34.1  32.7  31.6  33.6  32.0  32.1  34.8  33.7  29.5  
4th  32.3  27.5  32.0  33.4  32.7  31.4  33.6  32.0  33.1  33.4  33.5  35.3  
5th  32.0  28.4  28.4  32.6  33.4  32.4  32.3  31.7  35.1  33.6  35.4  35.5  
6th  32.0  30.0  30.0  33.6  33.5  31.8  31.7  33.0  35.9  34.7  34.2  34.8  
7th  32.4  32.1  32.6  33.3  33.7  30.4  30.6  31.9  36.4  34.3  34.8  34.5  
8th  32.7  31.5  32.2  34.2  33.0  29.4  30.8  34.1  34.9  35.8  34.3  34.4  
9th  32.4  28.2  32.0  33.6  33.2  29.4  31.7  33.2  34.9  34.8  35.1  33.2  
10th  32.8  29.1  32.4  31.8  32.6  29.4  32.6  32.7  35.4  33.7  32.7  35.1  
11th  31.8  30.6  32.4  21.9  32.3  29.4  33.3  32.3  34.4  33.3  33.7  34.9  
12th  32.8  29.0  32.8  27.9  32.4  29.1  33.1  33.6  32.1  33.9  32.0  34.6  
13th  32.4  29.9  32.1  31.7  31.8  29.8  33.1  33.9  32.3  33.3  33.1  33.9  
14th  33.2  31.5  33.5  32.7  32.7  30.3  33.2  34.1  32.9  33.9  33.2  33.3  
15th  32.9  31.9  31.9  32.6  31.4  30.9  32.8  31.7  36.5  33.1  33.9  33.4  
16th  33.0  32.0  31.9  33.1  31.8  31.1  32.4  31.2  36.9  34.1  32.4  34.4  
17th  33.3  32.5  33.9  33.0  32.4  32.1  32.5  32.7  35.5  34.4  33.3  34.8  
18th  32.8  32.5  32.6  33.1  33.5  33.1  34.2  34.3  33.9  32.0  35.2  34.7  
19th  32.6  31.9  32.2  33.5  34.7  33.0  34.0  34.1  33.4  35.3  34.7  34.9  
20th  28.9  33.2  29.3  33.7  33.9  33.4  33.1  33.8  34.7  35.8  33.5  35.2  
21st  31.1  34.4  30.6  33.4  34.1  32.6  32.5  32.2  33.5  33.8  33.6  35.3  
22nd  32.8  34.0  30.2  33.4  33.2  32.8  32.1  33.4  35.4  31.7  32.4  33.9  
23rd  30.5  34.7  31.9  33.6  34.5  31.8  34.2  31.6  33.6  33.7  33.1  34.8  
24th  28.4  32.1  32.3  34.1  34.2  31.7  34.0  35.9  33.4  34.5  34.1  32.5  
25th  31.0  31.3  30.4  33.7  33.1  30.7  33.7  35.4  33.6  34.0  33.9  27.6  
26th  32.3  33.3  31.4  29.2  31.9  31.4  32.9  34.0  33.5  34.0  33.6  31.6  
27th  31.5  33.7  32.2  27.4  33.3  30.7  33.5  34.9  33.3  34.2  34.4  31.3  
28th  34.1  33.1  33.4  27.2  32.2  30.3  32.8  33.0  32.4  34.7  34.7  34.5  
29th  33.3    33.6  31.2  32.6  32.3  30.4  34.1  33.5  34.1  35.0  33.7  
30th  32.5    32.3  32.1  32.3  31.9  30.7  33.4  32.9  34.3  35.5  34.8  
31st  32.3    31.4    31.4    32.2  34.0    32.2    34.1  
Lowest daily  28.4  27.5  28.4  21.9  31.4  29.1  30.4  30.8  32.1  31.7  32.0  27.6  
Monthly mean  32.0  31.6  32.1  32.0  32.9  31.3  32.6  33.1  34.1  33.9  33.9  33.9  
Mean  31.8  31.4  31.9  32.7  32.0  30.7  30.6  31.4  32.6  33.3  33.3  32.7  
Highest monthly mean  33.4  33.5  34.1  34.5  33.5  33.2  32.6  33.1  34.1  34.8  34.7  34.4  
Lowest monthly mean  30.1  29.5  29.7  30.3  30.0  28.7  28.8  29.2  30.6  31.1  31.7  30.8  
Highest Daily  36.1 7th   2014   36.0 20th   1972   36.0 13th   1942   36.7 16th   2003   36.0 2nd   1942   34.6 27th   2016   34.8 8th   1998   37.0 30th   1971   37.7 17th   1983   38.9 18th   1982   37.3 28th   2004   37.0 18th   1976   
Lowest Daily  25.7 29th   1989   24.8 15th   2011   25.7 22nd   1960   21.9 11th   2017   22.7 20th   1981   22.7 20th   2007   21.1 14th   1968   25.1 17th   2007   27.6 29th   1986   24.7 20th   2000   25.6 2nd   2010   24.0 17th   1954   
