Geelong2017solar
1st  4.8  15.4  23.8  12.5  7.2  5.8  9.2  11.4  11.2  15.1  12.7  4.1  
2nd  20.7  22.4  20.1  9.7  10.1  5.4  9.2  9.4  8.9  12.0  12.3  3.7  
3rd  26.8  28.0  20.6  16.3  8.4  4.8  3.0  3.7  9.0  21.7  24.1  16.4  
4th  28.9  26.9  22.4  16.3  11.9  9.2  7.7  7.5  14.1  20.7  22.4  17.8  
5th  31.6  9.0  16.9  15.3  10.3  5.9  8.8  10.4  11.2  12.3  18.2  22.1  
6th  31.0  4.2  22.4  13.0  5.5  6.6  9.3  7.4  13.0  12.9  23.3  24.3  
7th  22.6  22.8  22.1  15.8  9.1  8.1  9.0  9.3  12.0  18.2  15.5  14.6  
8th  22.3  27.5  22.3  8.7  9.1  6.0  6.4  8.8  15.2  15.7  16.8  14.8  
9th  15.1  23.3  20.8  3.8  6.2  5.6  8.6  10.6  15.6  19.1  28.4  20.2  
10th  28.1  24.1  18.5  5.4  11.1  6.7  8.6  8.0  12.6  23.3  23.1  24.4  
11th  23.0  20.8  10.8  7.9  7.1  8.5  9.6  8.7  5.2  4.8  28.3  28.3  
12th  31.2  14.3  20.1  14.1  10.0  5.7  9.3  11.3  8.4  18.2  26.6  31.5  
13th  4.9  16.8  19.4  12.6  10.1  5.5  4.5  11.2  14.9  18.9  29.0  30.4  
14th  17.1  19.9  20.9  7.3  9.3  8.3  7.6  13.0  14.4  22.1  18.7  27.7  
15th  26.8  24.9  18.4  6.7  10.4  7.5  9.6  4.8  11.9  24.2  10.6  31.3  
16th  29.8  18.1  8.4  10.0  6.3  9.0  8.1  13.0  16.0  22.2  6.3  31.3  
17th  14.8  17.6  20.1  6.9  3.6  9.0  6.2  9.6  18.7  24.7  23.1  29.0  
18th  26.1  18.3  20.1  14.2  9.4  8.5  7.5  8.5  9.9  24.9  27.1  17.5  
19th  29.7  13.0  20.0  11.6  3.5  4.2  7.7  12.0  15.6  8.4  30.1  13.1  
20th  18.8  17.1  4.3  10.9  8.7  8.9  8.5  13.6  18.5  21.1  29.6  17.7  
21st  29.3  25.4  4.0  7.0  7.0  5.7  10.4  8.6  13.6  7.5  28.1  31.1  
22nd  30.3  24.9  5.3  9.9  10.0  3.9  5.8  13.2  18.2  13.3  30.5  26.0  
23rd  20.3  15.7  17.0  7.1  7.9  6.9  6.4  7.3  16.7  15.9  22.9  20.2  
24th  26.6  13.1  12.1  9.7  8.1  8.9  8.8  11.3  18.5  17.1  13.4  29.2  
25th  29.9  21.7  10.8  7.7  7.6  6.1  8.6  10.6  15.2  14.2  11.3  26.9  
26th  20.8  24.3  9.8  7.7  9.8  8.4  8.6  9.6  18.4  23.6    30.6  
27th  25.0  24.2  12.1  8.1  8.1  3.9  8.2  10.7  10.4  25.3  23.3  29.9  
28th  29.0  23.9  17.0  9.2  7.0  6.6  10.5  10.7  15.7  23.2  29.6  12.8  
29th  27.8    14.2  7.9  8.6  5.3  6.2  12.4  16.9  26.1  29.3  6.8  
30th  6.0    14.0  4.0  8.4  5.6  11.0  12.6  17.4  16.9  19.9  18.4  
31st  24.6    9.7    6.9    11.2  15.7    12.9    31.8  
Lowest daily  4.8  4.2  4.0  3.8  3.5  3.9  3.0  3.7  5.2  4.8  6.3  3.7  
Monthly mean  23.3  19.9  16.1  9.9  8.3  6.7  8.2  10.2  13.9  18.0  21.9  22.1  
Mean  24.9  20.9  15.4  10.9  7.6  6.2  7.0  9.7  13.6  18.0  20.7  24.1  
Highest monthly mean  29.6  23.8  18.0  12.3  8.4  6.7  8.2  11.1  14.9  20.3  23.1  26.8  
Lowest monthly mean  22.1  18.4  13.4  9.1  6.6  5.5  6.4  9.0  12.6  16.1  18.0  22.1  
