Gold Coast2017solar
1st  30.4  29.3  23.5  18.6  16.2  14.0  13.7  15.8  18.6  8.5  24.4  26.9  
2nd  22.8  29.5  17.6  16.0  15.9  14.0  13.5  15.6  18.7  7.2  26.2  21.5  
3rd  7.3  27.6  18.5  19.3  14.1  13.9  12.8  14.1  19.2  13.7  26.3  19.5  
4th  28.0  25.9  16.6  18.8  11.7  13.9  13.8  16.0  19.8  18.7  28.5  7.8  
5th  16.5  25.7  19.8  14.7  14.7  13.8  13.9  16.2  20.2  23.4  20.2  17.8  
6th  27.0  28.5  20.1  11.6  14.8  13.7  13.9  15.1  20.3  18.7  19.9  31.2  
7th  22.2  27.2  25.2  19.2  16.0  13.8  5.5  15.2  20.4  11.3  13.5  31.2  
8th  28.3  26.6  19.5  17.5  9.0  13.7  14.0  16.6  20.5  13.5  18.5  15.1  
9th  20.8  25.7  24.3  16.9  13.4  11.9  14.1  16.6  20.3  18.6  22.4  27.7  
10th  26.1  26.1  24.3  19.7  3.2  10.1  7.8  16.7  19.5  22.8  21.5  29.5  
11th  28.8  28.6  22.6  19.6  15.0  4.9  13.6  16.8  20.7  11.4  15.5  25.5  
12th  24.4  28.4  19.5  18.4  11.7  10.2  14.0  14.4  20.0  5.8  26.6  28.9  
13th  26.3  19.0  11.0  16.3  10.3  6.3  12.9  15.0  21.2  21.0  27.1  29.1  
14th  30.6  14.4  12.9  13.6  6.5  8.9  14.0  15.7  18.7  13.5  28.2  28.9  
15th  15.6  16.7  9.6  13.5  15.3  11.8  13.6  17.3  21.4  7.2  21.1  30.8  
16th  26.6  25.0  15.6  18.4  15.2  9.7  11.3  17.4  21.7  11.1  18.9  20.0  
17th  23.1  27.8  15.9  17.5  14.1  8.0  12.9  17.6  16.8  7.5  19.3  23.4  
18th  30.7  26.7  20.0  12.8  10.2  13.6  14.6  17.7  20.2  11.3  5.6  27.5  
19th  19.4  15.0  11.6  12.8  5.1  10.5  14.6  17.9  22.0  12.8  15.6  29.9  
20th  21.5  24.6  4.8  12.1  10.9  9.1  14.8  17.9  22.0  18.6  24.1  30.5  
21st  4.6  23.1  12.4  14.7  14.7  12.2  14.9  13.4  19.1  3.6  19.4  25.7  
22nd  17.8  22.4  10.3  13.6  12.1  13.2  14.9  17.5  22.4  22.8  24.1  18.3  
23rd  22.7  24.3  15.9  14.5  13.7  13.6  15.0  16.1  22.7  14.8  28.2  23.0  
24th  30.3  26.7  10.2  14.4  14.5  13.3  15.1  13.1  22.8  23.9  29.0  31.5  
25th  29.5  23.6  13.9  14.6  14.0  13.6  15.2  17.5  22.1  26.8  26.3  29.7  
26th  23.2  20.0  18.6  5.1  14.3  13.6  15.3  18.1  21.7  26.3    16.8  
27th  13.4  13.3  15.7  16.3  13.7  9.1  15.3  17.1  9.1  27.8  28.0  22.8  
28th  23.7  20.6  21.3  15.9  12.6  12.6  14.6  19.0  23.4  25.1  25.2  23.7  
29th  28.2    11.9  16.7  14.2  13.6  15.6  18.0  21.4  28.0  9.7  19.6  
30th  26.5      15.4  11.8  11.9  15.7  19.2  22.8  23.0  13.2  21.6  
31st  29.5    17.0    14.1    15.7  18.4    26.3    21.7  
Lowest daily  4.6  13.3  4.8  5.1  3.2  4.9  5.5  13.1  9.1  3.6  5.6  7.8  
Monthly mean  23.4  24.0  16.7  15.6  12.7  11.7  13.8  16.6  20.3  16.9  21.6  24.4  
Mean  23.1  20.9  18.7  16.3  13.0  11.4  12.7  15.7  19.1  21.0  22.7  23.5  
Highest monthly mean  27.1  24.3  23.1  19.0  15.0  13.2  14.2  17.5  21.8  23.5  27.2  27.5  
Lowest monthly mean  19.0  15.5  15.9  13.7  10.7  9.9  11.1  13.7  13.8  16.9  18.2  15.9  
