Gympie2017solar
1st  27.8  29.6  19.5  19.5  15.9  14.9  14.5  16.4  18.0  20.8  25.9  19.7  
2nd  10.5  28.9  21.3  18.6  14.1  14.8  14.4  16.2  19.3  4.7  28.6  16.0  
3rd  22.9  29.4  22.5  13.5  14.5  14.2  13.3  14.7  18.8  16.0  26.3  13.4  
4th  13.2  22.2  12.5  17.9  14.9  14.1  14.4  16.6  20.3  18.5  29.0  4.8  
5th  14.4  27.4  24.8  13.6  15.8  14.7  13.9  16.8  20.5  24.4  28.0  20.9  
6th  16.1  28.3  22.2  15.5  15.7  14.1  14.1  10.5  20.8  24.5  16.3  29.7  
7th  21.1  23.2  16.5  17.6  10.6  14.6  5.4  15.7  20.9  7.0  20.4  30.8  
8th  26.3  15.4  15.8  16.8  11.3  14.6  14.9  17.2  20.9  14.7  15.6  26.5  
9th  28.5  20.6  21.5  16.1  9.6  14.0  8.9  17.3  20.6  20.8  24.8  30.8  
10th  29.1  28.2  22.4  19.9  4.8  13.1  10.3  17.3  20.9  22.5  21.9  25.8  
11th  28.7  28.6  21.3  20.4  15.5  13.2  11.1  17.4  21.1  14.3  28.9  21.0  
12th  28.5  28.6  22.4  19.5  12.0  13.8  13.8  16.2  21.0  15.2  19.0  25.0  
13th  29.7  12.7  18.6  19.5  14.3  10.0  12.8  17.7  21.5  13.0  23.1  30.0  
14th  28.1  16.8  11.7  14.8  10.9  11.1  14.1  17.7  17.6  13.0  28.5  30.5  
15th  11.5  22.1  13.9  18.0  15.7  9.2  14.6  17.9  21.8  11.8  24.0  31.2  
16th  29.7  23.7  20.9  18.7  16.0  9.0  14.7  17.5  21.9  4.4  25.3  28.0  
17th  28.2  27.6  20.2  17.6  14.9  11.5  15.0  17.4  17.2  6.7  22.6  25.7  
18th  30.4  27.9  21.6  18.9  6.2  14.2  15.2  18.3  19.4  11.8  5.1  28.1  
19th  24.1  16.3  17.3  16.9  4.1  13.5  15.5  18.4  21.7  19.0  17.0  31.1  
20th  28.4  22.7  4.9  17.6  12.8  13.8  15.6  18.5  22.4  21.8  21.0  30.5  
21st  18.7  25.2  17.5  14.1  15.1  14.4  15.6  15.0  18.8  6.5  17.8  28.0  
22nd  8.0  15.1  8.3  10.3  13.9  13.8  15.6  17.9  21.4  25.2  9.6  21.4  
23rd  29.1  19.7  8.9  14.9  15.4  14.4  15.7  17.9  23.1  14.4  25.2  25.2  
24th  30.3  25.1  17.2  17.3  14.5  14.3  15.8  14.0  23.1  25.2  27.0  31.3  
25th  30.2  26.1  11.3  17.5  15.1  14.4  15.8  18.5  23.4  28.0  23.6  30.0  
26th  27.8  20.3  20.0  15.3  15.3  14.4  15.9  18.0  23.1  28.2  27.1  30.3  
27th  13.8  20.6  15.4  18.1  14.9  12.2  16.0  17.1  20.8  28.3  29.3  27.2  
28th  23.6  24.3  17.5  18.0  14.3  10.4  16.0  19.5  23.7  28.3  24.2  28.0  
29th  24.1    4.7  17.9  15.0  14.3  16.2  19.4  24.0  25.0  10.2  27.5  
30th  28.3    1.9  16.2  12.2  13.4  16.2  18.6  23.7  24.4  12.1  27.5  
31st  28.9    19.6    14.9    14.5  18.6    28.6    17.8  
Lowest daily  8.0  12.7  1.9  10.3  4.1  9.0  5.4  10.5  17.2  4.4  5.1  4.8  
Monthly mean  23.9  23.4  16.6  17.0  13.2  13.3  14.2  17.1  21.1  18.3  21.9  25.6  
Mean  23.4  20.9  19.2  16.8  13.7  12.2  13.4  16.3  19.7  21.6  23.3  23.8  
Highest monthly mean  27.5  24.4  23.4  18.5  15.2  14.2  15.3  18.5  22.1  23.9  26.6  27.3  
Lowest monthly mean  19.5  17.2  15.7  13.6  11.5  10.4  10.6  14.4  15.3  18.0  18.8  17.0  
