Mackay2017solar
1st  30.1  28.6  25.4  23.5  12.3  13.7  11.7  18.7  21.6  14.7  24.9  21.9  
2nd  21.7  24.2  23.2  15.7  19.6  9.9  12.0  17.9  21.9  12.2  26.9  21.6  
3rd  22.2  26.6  25.0  22.7  18.4  17.0  16.8  17.6  21.5  22.3  28.5  17.9  
4th  16.3  27.5  10.8  20.5  16.2  16.9  16.7  18.9  22.3  24.7  29.0  25.6  
5th  8.1  28.0  25.8  15.5  14.0  16.9  16.7  17.7  22.4  25.0  28.7  29.3  
6th  4.8  27.0  20.6  17.9  16.9  15.0  16.6  13.8  22.6  22.8  28.8  29.3  
7th  7.9  24.7  23.2  18.0  18.5  16.9  16.3  14.8  22.5  24.9  28.9  30.3  
8th  20.8  28.4  17.7  22.5  14.8  16.8  16.8  19.4  22.7  25.8  28.3  28.1  
9th  26.2  24.0  8.7  22.4  10.2  16.8  16.3  19.5  22.7  26.2  15.8  27.3  
10th  22.0  26.7  25.3  22.1  9.0  13.4  16.5  15.8  19.2  26.6  22.8  29.2  
11th  29.4  24.8  25.7  22.1  18.6  4.9  17.1  18.7  21.4  26.3  27.5  27.4  
12th  28.4  24.2  25.8  22.0  12.0  16.3  16.6  19.8  22.4  25.5  19.0  28.8  
13th  29.8  23.0  25.6  21.5  14.5  16.7  17.1  19.9  20.3  26.3  16.3  29.2  
14th  13.2  26.7  19.7  20.8  18.2  15.2  15.4  19.9  22.5  16.0  23.1  29.0  
15th  29.7  5.8  22.7  20.1  18.2  16.7  15.5  20.1  23.1  23.6  27.9  29.7  
16th  28.8  25.9  24.1  19.5  18.2  16.1  17.2  19.9  23.1  8.9  28.9  28.9  
17th  29.2  26.9  23.9  15.5  17.5  16.6  17.4  20.1  23.0  13.9  27.5  29.9  
18th  29.1  28.0  19.7  21.2  3.3  16.6  17.2  20.4  20.1  15.6  26.4  28.2  
19th  29.9  26.2  14.7  19.5  4.4  16.6  17.3  20.5  13.4  17.9  28.7  29.1  
20th  29.4  25.2  8.6  15.9  17.7  15.7  17.7  20.7  24.1  23.9  11.7  29.4  
21st  30.0  27.6  15.4  16.6  17.5  16.6  17.8  16.6  22.1  16.5  19.3  29.0  
22nd  28.0  26.1  22.1  17.7  14.7  16.5  17.9  20.8  23.5  27.7  25.9  27.0  
23rd  11.6  25.0  2.1  11.9  16.7  11.8  16.9  20.5  24.3  26.0  27.7  27.4  
24th  29.0  22.7  20.6  15.3  17.6  12.5  17.8  20.6  24.3  27.8  29.0  30.2  
25th  29.5  25.7  19.0  19.7  17.5  16.7  18.1  19.7  24.6  28.2  29.5  30.0  
26th  26.2  26.3  8.0  20.1  17.4  16.7  18.2  21.3  24.8  28.3  29.6  30.2  
27th  29.5  25.0  6.7  19.8  17.0  14.6  18.3  21.3  24.8  28.3  28.9  29.4  
28th  23.5  18.5  1.7  20.0  17.1  15.8  18.2  21.2  25.0  28.4  16.8  29.6  
29th  27.2    1.2  19.9  16.8  10.4  18.4  20.6  25.1  25.4  24.9  29.4  
30th      21.3  18.1  14.6  10.8  18.3  21.5  24.8  26.2  25.8  30.2  
31st  19.5    21.8    15.8    17.3  21.4    24.8    29.5  
Lowest daily  4.8  5.8  1.2  11.9  3.3  4.9  11.7  13.8  13.4  8.9  11.7  17.9  
Monthly mean  23.7  25.0  17.9  19.3  15.3  14.9  16.8  19.3  22.5  22.9  25.2  28.1  
Mean  24.1  22.0  20.9  18.5  15.9  14.5  16.0  19.1  22.7  24.7  25.4  25.2  
Highest monthly mean  28.5  27.9  24.8  20.9  18.2  16.0  17.8  20.8  25.3  27.0  29.3  28.2  
Lowest monthly mean  18.3  15.1  14.7  13.4  13.1  10.1  14.0  16.5  17.5  20.2  15.3  16.7  
