Newcastle2017solar
1st  11.4  10.9  18.7  18.6  12.7  11.7  11.1  13.7  15.7  23.1  24.0  30.7  
2nd  14.8  21.1  22.6  5.7  14.3  11.1  11.6  13.6  18.1  16.3  27.0  11.1  
3rd  30.3  12.2  15.0  12.5  9.5  4.5  11.0  12.9  16.6  14.4  25.6  30.6  
4th  26.6  24.3  7.0  15.4  9.0  9.6  11.7  13.9  18.3  22.9  8.1  11.6  
5th  19.3  21.9  8.6  12.8  14.0  10.8  11.7  14.1  18.5  20.4  4.0  21.5  
6th  29.6  28.8  21.8  18.2  13.5  9.3  11.8  14.3  18.6  11.7  16.4  24.2  
7th  28.1  20.0  16.3  13.0  14.0  3.2  11.8  14.0  18.5  18.4  25.4  30.9  
8th  30.9  23.5  10.9  16.9  11.6  4.8  11.8  14.5  18.4  14.6  14.7  26.3  
9th  31.4  28.2  12.6  17.8  11.5  3.5  11.9  14.6  19.1  22.0  24.8  28.3  
10th  24.5  28.2  14.3  14.4  12.9  7.2  11.8  14.7  18.1  7.7  28.1  31.4  
11th  23.1  26.0  22.1  8.7  12.0  6.9  9.9  14.2  19.2  16.8  25.7  31.7  
12th  23.2  22.0  23.2  13.4  8.2  11.3  8.0  14.3  18.5  19.3  26.7  31.8  
13th  31.1  26.5  11.7  12.2  12.4  7.6  12.1  15.1  16.1  21.7  20.9  31.7  
14th  16.4  21.2  13.0  16.8  6.7  8.1  11.8  15.2  18.5  8.8  26.5  31.7  
15th  10.5  26.2  11.2  16.8  7.1  9.3  8.3  7.3  19.9  22.9  29.2  26.1  
16th  26.6  26.4  15.8  16.2  13.0  6.7  12.2  14.5  18.6  24.5  21.7  20.8  
17th  27.9  15.9  3.3  16.0  12.8  7.2  10.7  15.6  20.4  23.3  19.7  20.9  
18th  27.2  23.7  15.2  16.5  12.7  6.9  12.5  15.5  20.7  20.2  18.3  25.7  
19th  6.6  5.8  14.8  14.8  5.6  9.0  11.7  15.6  20.8  26.2  26.9  29.5  
20th  10.1  26.7  9.5  15.5  11.4  10.9  12.6  11.4  20.8  4.2  28.3  27.8  
21st  20.9  25.7  16.0  14.5  11.8  11.1  11.2  5.7  21.2  17.2  28.3  4.9  
22nd  27.6  25.9  8.9  7.0  10.2  9.6  12.8  16.4  21.3  21.2  27.8  20.2  
23rd  30.3  26.2  6.1  15.3  10.5  9.9  12.9  16.5  15.1  25.7  30.2  29.1  
24th  21.4  25.2  15.0  15.4  12.3  11.4  13.0  16.4  20.9  27.0  30.3  22.0  
25th  5.5  16.7  16.1  11.9  12.3  11.4  13.1  9.7  15.1  19.9  30.8  2.7  
26th  7.7  14.8  20.1  14.0  12.2  11.4  12.4  15.2  22.1  22.9    11.3  
27th  20.9  20.9  20.3  13.7  12.1  8.9  13.2  16.6  21.8  24.0  10.4  23.9  
28th  29.9  14.8  14.1  14.9  11.5  3.7  10.2  11.1  12.6  23.5  30.9  30.0  
29th  25.5    16.9  15.0  12.0  4.5  13.4  13.4  22.6  26.1  23.5  26.9  
30th  29.4    2.8  13.0  11.9  11.5  8.1  17.3  15.8  24.5  28.0  11.4  
31st  17.8    16.0    9.8    8.6  15.9    25.5    13.7  
Lowest daily  5.5  5.8  2.8  5.7  5.6  3.2  8.0  5.7  12.6  4.2  4.0  2.7  
Monthly mean  22.1  21.8  14.2  14.2  11.3  8.4  11.4  14.0  18.7  19.9  23.5  23.2  
Mean  23.9  21.4  18.3  14.3  10.5  8.8  10.0  13.7  17.4  20.4  22.3  24.0  
Highest monthly mean  27.7  25.0  22.5  16.9  12.4  10.5  11.7  15.7  19.3  23.7  28.6  27.0  
Lowest monthly mean  20.9  17.4  14.2  10.4  8.8  7.2  7.6  11.1  14.7  17.3  17.7  20.6  
