Perth2017solar
1st  9.4  14.4  19.5  19.3  13.0  11.6  11.3  13.3  17.8  23.1  28.0  26.9  
2nd  30.7  22.5  19.2  14.7  11.8  11.5  11.3  13.5  14.8  23.1  27.8  2.8  
3rd  31.5  20.1  18.1  12.4  9.3  11.3  5.0  8.6  15.4  18.9  18.3  17.2  
4th  20.0  24.8  8.1  17.0  8.4  11.2  11.3  6.1  15.3  22.5  23.4  8.6  
5th  24.6  15.7  17.2  15.0  11.8  11.2  9.8  13.1  11.5  20.3  22.2  20.1  
6th  29.4  25.5  24.1  15.2  7.4  7.1  9.5  13.0  15.1  17.4  10.9  16.6  
7th  31.1  9.2  23.8  17.9  13.7  9.7  10.9  8.7  16.7  19.2  28.9  28.9  
8th  26.8  18.5  17.1  17.7  13.6  5.9  6.8  13.9  12.5  5.3  27.3  30.2  
9th  25.0  28.2  22.6  10.0  13.5  10.7  11.5  13.9  18.9  21.8  29.2  29.3  
10th  10.9  27.9  23.0  5.4  13.3  6.7  11.1  14.3  18.6  23.6  28.3  31.8  
11th  21.7  25.5  22.2  17.4  13.2  9.4  10.9  12.6  19.2  24.2  23.2  30.0  
12th  30.9  24.5  21.5  16.6  11.3  11.1  10.5  14.7  17.7  24.2  28.1  30.7  
13th  28.7  27.2  7.4  15.5  6.0  11.2  11.5  14.8  17.9  25.3  20.5  31.3  
14th  26.8  25.4  12.7  17.0  12.0  11.1  8.9  14.2  14.5  18.5  27.6  28.2  
15th  30.0  23.7  11.5  16.9  9.0  8.1  10.5  9.5  13.9  18.3  27.2  5.8  
16th  30.3  25.0  11.6  15.6  12.2  7.2  11.9  11.1  13.4  25.8  7.8  30.5  
17th  27.4  18.7  16.4  16.4  12.5  6.2  10.5  14.5  20.5  25.4  22.2  23.4  
18th  28.3  19.4  11.1  13.6  12.1  10.9  11.9  13.5  20.7  26.0  6.2  30.8  
19th  28.0  26.0  15.7  15.1  5.0  10.7  9.1  12.8  20.7  25.8  24.4  24.7  
20th  11.2  26.1  17.8  15.8  10.1  10.4  11.3  15.8  21.1  6.7  27.4  23.6  
21st  29.9  25.9  1.3  12.2  11.8  10.4  12.3  8.2  21.2  26.4  30.5  17.9  
22nd  29.7  25.6  13.0  11.6  11.2  11.1  12.4  16.1  20.1  22.6  28.7  21.3  
23rd  27.7  22.3  5.3  10.4  9.7  9.6  11.8  16.2  17.3  24.7  25.7  27.3  
24th  18.8  15.6  17.1  11.0  10.5  10.8  12.5  15.6  8.9  26.8  19.5  27.2  
25th  11.5  18.0  13.4  6.1  11.8  9.3  12.6  16.5  13.3  21.0  28.9  25.4  
26th  24.6  21.1  17.7  9.1  11.9  11.0  9.9  16.7  22.0  24.8    22.7  
27th  28.1  20.9  20.3  12.3  11.8  7.5  12.6  10.4  20.1  17.4  14.3  29.1  
28th  28.4  14.4  19.6  14.9  10.3  4.7  12.5  17.0  11.0  16.7  30.4  25.7  
29th  19.5    19.0  14.7  11.7  11.2  12.9  16.2  21.9  24.5  22.5  24.6  
30th  28.0    5.6  14.4  11.3  11.1  7.8  17.3  17.6  26.7  29.3  24.4  
31st  24.4    18.7    9.8    3.8  17.4    27.4    29.3  
Lowest daily  9.4  9.2  1.3  5.4  5.0  4.7  3.8  6.1  8.9  5.3  6.2  2.8  
Monthly mean  24.9  21.9  15.9  14.0  11.0  9.7  10.5  13.5  17.0  21.8  23.8  24.1  
Mean  26.0  22.6  19.1  14.5  10.8  8.4  9.4  12.7  17.0  21.3  23.9  26.2  
Highest monthly mean  31.2  25.7  22.0  16.8  12.5  10.1  11.2  15.5  18.9  24.4  27.9  30.2  
Lowest monthly mean  21.6  18.2  15.1  8.8  9.0  7.5  7.4  9.7  13.6  18.1  19.6  21.8  
