Perth2017temp
1st  27.6  34.8  27.0  20.7  19.4  13.2  13.0  13.7  16.5  19.5  19.4  29.3  
2nd  29.7  30.6  29.8  20.5  17.1  15.1  14.2  14.5  19.0  24.2  24.3  19.8  
3rd  27.1  32.5  27.5  18.7  16.1  15.4  11.6  15.8  23.8  23.7  25.8  19.0  
4th  24.8  36.9  22.7  20.4  16.9  14.6  15.2  9.5  15.0  27.0  22.0  21.3  
5th  28.8  36.0  26.2  18.0  19.8  14.2  14.5  12.7  10.5  27.5  22.8  21.7  
6th  30.5  37.6  27.0  21.5  19.6  10.0  12.4  14.7  12.0  19.5  19.3  20.2  
7th    27.4  23.8  21.5  15.2  12.1  14.0  10.3  13.7  21.5  21.0  26.5  
8th    30.0  21.8  22.3  15.7  15.8  11.9  10.7  13.6  16.8  20.6  23.0  
9th  36.0 3 days   35.8  22.5  22.7  17.7  16.0  11.7  14.2  15.2  26.1  25.0  24.0  
10th  31.2  39.5  27.5  13.3  17.6  14.0  12.2  18.3  18.1  25.6  26.0  27.3  
11th  35.1  41.5  28.5  21.3  20.1  16.8  14.2  15.7  19.2  28.4  25.5  29.3  
12th  37.0  38.9  30.7  21.7  17.8  16.7  14.0  14.0  25.6  19.5  25.3  30.2  
13th  39.0  26.8  23.7    16.0  17.0  14.0  16.5  27.2  22.1  25.0  31.8  
14th  31.3  28.5  22.7    19.8  18.3  16.4  18.7  10.1  20.2  26.2  33.3  
15th  31.5  30.0  27.5  22.0 3 days   15.8  12.6  13.3  20.8  14.2  22.8  27.7  25.8  
16th  34.8  33.6  25.5  21.6  16.7  13.5  13.0  13.3  16.9  24.4  20.2  33.0  
17th  36.8  35.0  24.2  22.8  18.7  14.7  14.2  16.0  17.8  27.0  26.5  34.8  
18th  39.5  30.5  22.5  23.5  19.9  16.5  16.8  8.6  21.3  27.2  17.5  33.7  
19th  30.5  25.1  28.7  23.0  16.6  16.0  8.7  9.1  14.8  28.0  22.5  36.0  
20th  28.0  21.7  29.0  23.0  19.2  17.1  9.1  13.7  19.0  19.0  23.5  33.0  
21st  31.0  28.5  23.2  21.5  18.2  17.1  13.2  12.1  24.0  19.0  24.6  24.8  
22nd  31.5  32.0  28.0  21.5  18.0  15.5  15.0  17.7  26.7  19.1  23.4  29.0  
23rd  34.0  34.6  20.7  22.0  19.3  14.5  16.7  19.4  31.2  20.4  25.5  32.6  
24th  31.2  33.1  22.2  21.5  15.3  14.0  13.7  13.5  20.3  23.4  27.0  35.4  
25th    27.0  25.8  20.5  16.6  12.9  16.1  15.5  18.5  26.5  29.0  26.2  
26th  32.5 2 days   24.9  28.5  16.2  17.2  13.6  15.6  16.2  19.8  27.0  30.0  23.2  
27th  29.2  26.2  28.2  12.5  17.8  12.1  15.2  10.3  28.8  23.5  25.0  28.4  
28th  34.0  25.6  29.6  16.5  17.3  10.3  12.2  11.8  17.8  24.5  27.6  31.5  
29th  35.1    29.8  18.2  9.8  12.6  17.1  14.7  18.8  25.5  26.6    
30th  36.5    21.2  20.1  11.9  11.1  20.1  12.7  16.4  26.5  28.7    
31st  37.9    21.0    11.0    9.5  15.0    17.8    30.0  
Lowest daily  24.8  21.7  20.7  12.5  9.8  10.0  8.7  8.6  10.1  16.8  17.5  19.0  
Monthly mean  32.6  31.6  25.7  20.3  17.0  14.4  13.8  14.2  18.9  23.3  24.5  28.1  
Mean  28.1  27.3  24.6  20.2  15.7  12.2  11.3  13.0  16.4  20.0  23.4  26.5  
Highest monthly mean  32.8  32.8  29.9  25.1  18.6  14.6  13.8  17.4  20.4  24.8  30.5  30.6  
Lowest monthly mean  22.3  21.4  21.2  17.0  12.1  9.1  9.1  10.2  12.3  15.7  17.7  22.9  
Highest Daily  40.2 12th   2013   41.5 11th   2017   35.3 13th   1998   32.0 4th   1986   24.2 1st   2013   20.5 3rd   1975   20.5 29th   1975   23.5 21st   1995   31.2 23rd   2017   34.1 21st   1988   39.7 20th   2009   37.5 31st   2005   
Lowest Daily  14.7 2nd   1970   13.5 14th   2009   12.1 30th   1987   8.3 12th   1994   4.6 30th   2000   4.2 28th   1990   3.0 9th   1986   5.3 17th   1970   6.0 12th   1969   6.1 3rd   1966   8.6 16th   1988   12.7 26th   1968   
