Port Augusta2017solar
1st  31.1  15.8  24.6  19.1  13.9  12.0  11.8  13.9  14.0  23.1  28.2  4.4  
2nd  31.5  13.9  24.0  19.0  14.0  12.0  11.7  5.0  9.8  23.2  27.8  23.7  
3rd  28.5  27.0  24.3  18.7  14.7  11.9  10.9  8.5  18.3  23.3  13.2  22.9  
4th  31.6  17.1  24.2  17.6  14.6  11.8  10.7  8.7  15.6  23.3  22.0  29.3  
5th  31.3  7.3  23.5  16.8  13.2  11.9  11.1  12.1  13.0  16.8  27.4  24.1  
6th  30.5  2.0  23.6  18.2  14.3  11.5  11.0  13.0  16.1  10.3  28.8  31.7  
7th  26.4  28.8  23.3  17.9  14.2  11.8  11.0  11.3  15.7  20.3  29.0  20.9  
8th  12.4  28.1  23.2  16.7  14.1  11.7  11.3  14.8  19.1  24.3  29.1  31.2  
9th  6.0  28.2  22.7  17.1  14.0  11.7  12.0  13.2  18.4  24.6  23.7  31.8  
10th  26.1  25.1  22.9  15.7  13.6  11.7  12.1  13.1  17.6  24.4  16.3  31.7  
11th  27.8  28.0  15.7  17.5  10.6  11.6  11.7  15.0  10.7  10.5  10.6  31.9  
12th  23.6  15.0  20.4  17.3  13.6  11.6  8.9  15.1  13.8  25.1  16.7  31.9  
13th  6.7  27.6  22.1  17.1  8.8  11.6  9.9  7.8  15.9  25.2  18.9  18.9  
14th  26.9  27.6  22.3  17.0  13.4  11.6  10.8  8.3  17.9  25.4  14.3  18.1  
15th  31.2  23.9  20.7  15.8  13.1  9.0  12.3  6.6  19.9  25.5  10.2  31.8  
16th  31.0  27.2  20.4  16.7  6.5  7.9  8.6  14.7  20.3  25.2  24.0  29.9  
17th  31.1  26.8  21.7  16.4  6.2  11.6  10.4  12.3  20.6  25.2  30.2  26.2  
18th  26.4  22.2  21.5  11.1  12.7  11.6  11.7  15.0  15.0  25.9  30.2  12.9  
19th  23.9  18.2  21.4  9.6  12.9  11.6  10.6  16.0  20.8  9.7  22.8  31.0  
20th  19.1  24.5  20.7  2.1  12.9  11.6  10.8  5.4  21.0  26.1  23.3  28.8  
21st  30.8  26.3  20.4  13.0  12.8  11.6  12.8  10.6  21.1  26.5  29.7  32.1  
22nd  30.7  25.9  20.1  10.3  6.6  10.5  12.7  14.2  21.4  25.1  16.2  32.0  
23rd  12.5  25.7  19.8  5.8  12.4  5.2  12.9  16.0  21.6  25.1  8.3  31.7  
24th  29.4  25.6  18.4  2.6  12.3  10.4  12.8  14.8  20.9  11.3  28.7  28.2  
25th  30.1  25.5  19.8  14.7  12.5  9.5  5.4  17.0  20.0  24.6  29.9  32.0  
26th  30.3  25.3  19.8  10.6  12.4  11.2  13.2  15.0  22.0  27.1    31.8  
27th  30.2  25.1  19.2  11.5  11.9  10.2  9.3  14.1  21.1  19.4  30.3  22.2  
28th  30.1  12.7  19.4  10.4  11.1  10.8  13.2  17.5  19.9  21.3  31.1  11.9  
29th  30.0    17.1  8.2  11.3  11.4  6.3  17.6  19.9  27.2  19.5  6.2  
30th  21.8    12.3  12.6  9.1  11.7  11.7  17.7  19.3  25.0  26.9  32.0  
31st  12.3    19.1    12.1    13.3  17.8    27.8    31.5  
Lowest daily  6.0  2.0  12.3  2.1  6.2  5.2  5.4  5.0  9.8  9.7  8.3  4.4  
Monthly mean  25.5  22.4  20.9  13.9  12.1  11.0  11.1  13.0  18.0  22.5  23.0  26.0  
Mean  28.1  24.9  19.9  15.2  11.3  9.8  10.5  13.5  18.1  22.5  25.3  27.5  
Highest monthly mean  32.3  26.9  21.3  16.6  12.1  11.0  11.1  15.1  19.5  23.9  27.4  30.4  
Lowest monthly mean  25.5  22.4  18.2  13.9  10.6  8.9  9.9  12.5  15.9  20.1  23.0  24.4  
