Port Macquarie2017solar
1st  23.8  26.6  13.4  17.3  14.8  12.4  12.2  14.4  15.8  17.7  22.5  27.7  
2nd  2.2  21.3  23.7  11.3  11.2  11.0  12.2  14.4  18.6  4.8  27.9  20.0  
3rd  19.2  13.5  21.8  15.8  10.8  12.0  11.0  13.7  18.7  10.4  27.8  31.3  
4th  16.7  15.0  17.3  16.4  6.0  10.6  12.3  14.7  18.8  24.0  20.3  19.0  
5th  25.7  26.2  15.3  18.2  14.8  12.0  12.3  14.7  19.0  22.6  9.7  23.0  
6th  18.7  28.8  18.0  15.4  14.7  12.0  12.4  14.9  19.2  10.4  26.1  25.2  
7th  16.2  24.8  20.8  13.6  14.6  7.0  12.4  13.9  19.3  13.4  27.5  25.0  
8th  28.0  24.0  19.1  18.3  12.6  9.9  12.5  15.2  19.5  14.0  19.2  23.5  
9th  30.5  24.7  17.1  15.7  13.7  3.5  12.5  15.3  19.6  24.1  29.1  20.8  
10th  27.0  28.3  12.9  17.8  12.4  4.8  11.9  15.4  17.9  8.3  27.6  31.0  
11th  14.3  27.9  21.7  17.1  13.8  8.0  12.6  11.7  19.8  15.4  27.1  30.7  
12th  17.7  26.9  23.1  15.9  12.0  6.0  10.3  14.8  19.4  16.4  26.4  29.6  
13th  29.4  11.3  7.1  14.4  10.7  8.3  11.6  15.8  19.1  24.8  17.1  31.6  
14th  14.5  4.7  6.0  17.1  3.8  9.2  12.7  15.8  9.9  10.2  27.0  31.5  
15th  4.6  20.4  2.1  17.6  13.3  9.5  3.7  13.5  20.5  22.4  28.5  30.3  
16th  21.9  26.0  16.4  17.4  13.7  9.4  12.3  16.1  19.9  23.7  24.8  26.3  
17th  30.8  19.3  4.6  16.8  13.4  4.2  13.0  15.9  19.3  20.1  15.9  25.4  
18th  26.3  27.1  3.6  16.8  12.8  7.4  13.1  16.4  21.0  17.4  18.4  29.5  
19th  6.7  6.4  9.5  13.1  5.1  9.2  12.1  16.0  21.0  21.4  21.7  30.4  
20th  14.6  26.9  5.1  16.1  11.0  11.6  13.3  13.8  20.7  15.6  28.8  26.5  
21st  29.2  23.9  16.0  11.4  13.1  11.7  13.3  10.7  21.6  8.1  28.8  2.5  
22nd  28.9  23.7  5.7  11.9  11.6  10.5  13.3  16.5  21.7  25.6  16.7  12.6  
23rd  30.3  26.1  14.7  14.4  13.0  11.7  13.5  15.9  21.1  23.7  29.4  25.6  
24th  30.2  25.9  4.9  16.2  12.8  11.5  13.6  17.2  19.6  27.1  30.0  23.5  
25th  4.0  25.5  13.7  14.4  12.9  10.7  13.7  9.9  15.2  25.5  30.4  12.0  
26th  5.6  11.1  17.9  4.3  12.8  12.0  13.8  13.6  22.0  21.8    5.9  
27th  24.9  15.5  19.7  13.4  12.8  11.1  13.7  17.1  18.2  24.8  21.0  24.7  
28th  29.6  6.9  20.7  11.2  7.8  2.8  12.8  16.2  16.5  24.4  30.0  28.7  
29th  29.8    19.6  15.6  12.7  5.5  14.1  17.2  22.9  23.0  28.3  30.0  
30th  29.6    2.3  14.1  12.3  12.2  10.8  17.7  11.2  27.7  27.5  8.1  
31st  29.5    14.0    12.4    13.0  17.1    28.1    8.8  
Lowest daily  2.2  4.7  2.1  4.3  3.8  2.8  3.7  9.9  9.9  4.8  9.7  2.5  
Monthly mean  21.3  21.0  13.8  15.0  11.9  9.2  12.3  15.0  18.9  19.3  24.7  23.2  
Mean  23.9  21.3  18.3  15.2  11.5  9.8  11.0  14.6  18.4  20.8  22.0  23.4  
Highest monthly mean  27.4  24.3  22.3  17.8  13.3  11.3  12.7  16.6  21.3  22.9  27.3  25.8  
Lowest monthly mean  21.3  17.6  13.8  11.4  9.3  8.6  9.4  12.3  16.1  17.7  17.9  19.3  
