Rockhampton2017solar
1st  22.8  29.4  24.0  22.2  18.8  15.9  15.7  17.7  20.4  13.0  25.3  17.4  
2nd  16.3  28.9  24.9  22.7  18.4  15.7  14.6  17.0  20.8  5.8  29.0  19.6  
3rd  13.6  28.4  23.9  22.5  17.7  16.0  14.3  14.0  20.3  15.5  28.7  13.9  
4th  14.7  21.9  19.3  22.4  16.6  16.0  15.8  17.2  21.5  22.3  29.1  17.7  
5th  12.4  28.1  19.8  22.1  14.9  15.9  15.9  16.0  20.3  22.3  29.0  28.8  
6th  16.0  26.9  21.9  18.5  17.8  15.4  15.5  9.3  21.7  22.1  27.5  30.2  
7th  16.7  27.3  17.1  21.6  18.1  15.9  10.2  16.2  21.8  26.2  28.1  29.0  
8th  22.3  25.4  12.0  21.4  14.3  15.8  14.9  18.5  21.9  23.7  19.0  22.7  
9th  27.8  25.4  18.4  19.7  8.6  15.8  8.0  18.6  21.7  25.5  23.7  20.6  
10th  30.3  28.3  24.0  21.5  7.1  15.1  11.6  18.7  20.3  26.6  27.2  29.2  
11th  30.6  27.6  24.8  21.4  17.5  10.6  14.2  18.8  21.6  21.8  20.6  29.2  
12th  17.7  28.0  23.6  21.2  17.4  12.7  16.0  18.9  22.3  25.1  27.2  27.7  
13th  28.2  10.4  22.5  21.2  12.9  15.7  12.8  19.0  22.0  21.3  24.0  29.2  
14th  28.2  21.0  18.4  21.0  17.0  14.8  12.6  19.1  21.1  13.1  25.2  29.7  
15th  24.3  24.7  6.0  19.5  17.3  15.5  15.6  19.2  22.6  19.5  28.8  29.6  
16th  28.7  27.5  22.0  20.7  16.6  13.6  16.2  19.1  19.8  9.8  29.9  28.8  
17th  30.3  28.0  20.6  17.6  16.6  14.1  16.3  19.3  22.9  16.4  28.9  29.0  
18th  29.7  26.0  23.0  19.5  4.0  15.6  15.9  19.5  21.5  12.3  24.4  29.2  
19th  30.3  21.1  14.2  19.5  4.7  15.6  16.2  19.6  17.7  18.6  18.5  30.2  
20th  30.3  27.0  8.1  20.1  16.8  15.6  16.8  19.7  23.3  21.9  25.9  28.1  
21st  29.9  24.0  6.1  19.2  16.8  15.7  16.9  17.2  23.5  10.0  22.1  29.4  
22nd  10.8  22.5  6.9  15.7  13.9  15.1  16.9  18.7  22.2  25.0  19.9  27.6  
23rd  11.6  24.9  11.6  19.6  16.4  15.2  15.5  18.6  23.8  25.3  27.7  28.1  
24th  28.8  25.8  22.4  19.6  16.6  15.7  16.9  18.7  23.6  27.7  28.5  30.0  
25th  29.2  25.7  23.7  19.0  16.1  15.7  17.1  20.3  24.0  27.3  29.2  30.3  
26th  29.9  26.4  15.2  18.4  16.4  15.7  17.2  20.4  24.4  28.3  29.2  30.5  
27th  29.1  24.6  8.1  13.6  16.3  13.9  17.3  12.8  23.6  28.4  27.1  27.0  
28th  17.6  23.8  4.1  19.2  15.9  15.0  17.3  20.2  24.6  28.4  13.6  27.8  
29th  26.4    5.8  19.0  15.5  14.1  17.5  20.6  24.7  21.2  18.4  30.5  
30th  27.0    12.2  18.9  14.1  15.1  16.6  19.6  24.6  25.2  21.0  27.0  
31st  27.9    23.0    16.0    16.9  20.9    24.8    26.6  
Lowest daily  10.8  10.4  4.1  13.6  4.0  10.6  8.0  9.3  17.7  5.8  13.6  13.9  
Monthly mean  23.9  25.3  17.0  19.9  15.1  15.1  15.3  18.2  22.1  21.1  25.2  26.9  
Mean  24.3  22.3  20.8  18.3  15.4  13.8  14.9  17.7  21.1  23.5  24.9  24.8  
Highest monthly mean  28.1  27.0  24.2  20.8  17.8  15.1  16.9  19.8  23.6  26.0  28.4  28.2  
Lowest monthly mean  19.2  17.8  15.5  13.8  13.2  10.8  12.2  14.9  15.7  21.1  17.0  18.1  
