Tamworth2017solar
1st  20.9  29.6  17.5  15.8  13.9  12.6  12.4  13.9  18.5  20.2  26.1  22.7  
2nd  17.3  25.6  20.6  10.8  8.3  12.6  12.4  14.6  18.6  6.1  28.5  6.0  
3rd  30.8  20.9  23.0  18.7  13.2  11.7  8.0  11.1  18.1  19.9  28.5  28.1  
4th  30.0  26.7  5.0  16.3  12.7  12.5  11.9  9.6  19.0  23.9  19.1  28.5  
5th  27.1  27.3  15.0  18.7  14.8  12.2  10.0  14.4  19.0  21.6  22.5  27.2  
6th  25.2  29.0  24.1  16.8  14.9  11.4  12.6  15.1  19.2  19.4  17.0  25.3  
7th  30.8  26.0  23.3  17.2  14.6  4.7  12.0  14.7  18.5  19.1  29.0  31.4  
8th  31.2  24.8  23.0  17.7  14.7  8.7  12.5  15.3  18.5  8.2  26.3  24.2  
9th  31.2  28.5  21.7  16.0  13.0  9.8  12.6  15.4  19.5  20.6  29.3  30.9  
10th  27.3  28.3  21.1  18.6  14.4  5.6  11.2  15.5  17.7  23.5  24.9  31.6  
11th  18.2  28.0  23.6  18.3  14.3  7.3  12.8  13.9  19.9  20.2  28.5  31.1  
12th  25.6  20.2  21.8  14.3  13.7  6.9  11.8  15.8  18.6  12.3  26.7  31.6  
13th  28.8  27.0  5.2  15.3  9.5  9.7  12.9  15.9  19.1  25.8  28.1  30.8  
14th  20.8  20.4  13.3  17.8  11.3  12.1  12.4  15.9  15.3  21.7  25.0  31.6  
15th  24.7  23.4  14.1  17.8  9.5  12.2  5.3  12.3  19.3  22.2  26.8  28.4  
16th  30.0  26.0  19.9  17.5  13.2  7.3  12.8  12.3  20.1  25.6  4.9  28.4  
17th  29.2  19.1  12.3  17.5  13.7  10.4  12.1  16.4  21.0  25.5  21.4  25.8  
18th  22.8  25.4  13.1  16.6  12.3  10.9  11.2  15.2  21.1  25.5  4.8  29.7  
19th  29.7  10.8  15.8  16.0  3.5  10.5  7.8  15.9  21.2  26.6  20.7  30.2  
20th  13.6  26.9  6.4  16.9  10.8  12.2  11.5  16.8  21.5  5.5  25.7  27.2  
21st  30.5  26.8  12.5  15.0  13.3  12.2  13.6  5.9  21.7  20.7  26.9  7.1  
22nd  30.3  26.1  6.2  11.7  12.8  12.2  13.6  17.0  21.8  25.7  25.0  16.1  
23rd  30.2  25.8  20.0  16.0  12.6  12.1  13.7  17.1  21.5  22.3  28.1  27.2  
24th  28.6  24.6  5.7  16.1  12.1  12.0  13.8  17.3  9.2  27.4  29.4  29.1  
25th  21.5  23.9  16.1  11.0  13.1  8.5  13.9  14.5  11.1  23.8  30.2  20.3  
26th  7.7  20.6  14.2  4.5  13.0  12.2  13.4  17.5  22.1  21.3    23.1  
27th  29.7  18.5  21.0  5.8  12.5  8.4  14.0  17.4  21.8  20.2  14.8  30.9  
28th  25.1  16.5  20.8  15.8  5.2  2.5  12.8  16.8  9.6  18.6  27.0  29.7  
29th  24.0    19.1  15.7  12.7  4.3  14.2  18.0  23.0  24.2  17.0  27.3  
30th  29.3    3.9  15.6  12.7  12.2  8.5  18.2  9.0  26.8  19.8  11.3  
31st  29.5    16.9    11.1    6.6  18.3    28.1    30.0  
Lowest daily  7.7  10.8  3.9  4.5  3.5  2.5  5.3  5.9  9.0  5.5  4.8  6.0  
Monthly mean  25.9  24.2  16.0  15.4  12.2  9.9  11.7  15.1  18.5  21.1  23.5  25.9  
Mean  26.2  23.2  20.2  15.9  12.2  9.9  10.8  14.2  18.4  22.0  23.8  25.9  
Highest monthly mean  30.9  26.7  23.4  18.0  14.0  11.3  13.0  16.7  20.8  25.2  28.7  29.6  
Lowest monthly mean  22.3  19.5  16.0  9.8  10.6  8.2  8.3  10.5  14.4  18.8  18.6  22.1  
