Toowoomba2017solar
1st  21.7  29.5  20.6  17.5  16.5  14.3  14.0  15.9  19.4  10.0  28.7  26.5  
2nd  17.6  29.4  22.8  15.0  14.5  14.2  14.0  16.0  19.5  6.5  28.8  14.0  
3rd  17.6  26.6  24.4  17.0  15.1  14.1  11.6  13.8  19.6  17.1  27.8  19.6  
4th  25.3  28.9  12.5  18.1  15.4  14.1  11.3  15.2  19.9  20.9  28.8  5.4  
5th  28.2  26.2  19.6  19.8  16.5  13.8  13.3  16.4  20.0  22.4  26.9  25.3  
6th  21.9  28.4  24.1  14.4  16.0  13.8  14.0  14.0  20.1  21.2  24.2  30.8  
7th  22.8  28.6  22.5  20.3  15.9  14.0  4.7  15.7  20.2  10.6  26.3  30.3  
8th  30.8  25.4  10.0  20.3  10.8  13.9  14.3  16.7  20.3  16.3  27.5  10.6  
9th  31.2  25.5  19.2  18.5  12.3  12.7  13.6  16.8  20.1  17.9  29.1  30.3  
10th  30.2  28.1  24.9  18.8  5.5  12.5  8.0  16.8  20.6  20.1  22.3  28.8  
11th  28.3  28.2  23.5  19.9  15.3  7.8  14.4  16.9  20.7  20.2  27.9  30.3  
12th  29.2  25.3  20.9  19.1  13.9  10.9  14.4  14.5  20.3  7.8  28.7  31.4  
13th  30.4  22.8  9.6  16.2  8.8  7.6  14.5  17.2  19.9  24.7  29.1  30.8  
14th  30.7  25.6  16.5  12.9  13.0  12.8  10.6  17.2  17.6  9.4  29.8  30.9  
15th  22.3  26.4  18.4  16.9  14.2  13.3  11.3  17.4  21.3  6.6  29.9  31.4  
16th  26.9  26.1  21.0  18.8  15.4  10.6  14.5  17.5  21.4  11.1  25.3  28.9  
17th  30.0  26.3  21.3  18.7  15.2  8.9  13.7  17.6  21.5  10.2  24.2  30.6  
18th  28.1  23.6  19.1  18.5  10.0  12.7  14.5  17.7  21.7  16.9  10.1  30.3  
19th  28.2  6.0  21.3  18.5  4.4  13.1  13.7  17.8  22.0  23.1  26.9  30.9  
20th  26.6  26.8  11.1  17.5  13.9  11.9  15.0  18.0  22.1  21.1  29.8  30.1  
21st  14.1  23.8  10.6  17.1  14.9  13.8  15.1  14.1  20.9  4.6  29.1  26.3  
22nd  26.0  21.9  10.1  13.7  14.4  13.7  15.1  16.9  22.1  25.8  26.2  20.2  
23rd  30.5  26.9  14.7  15.9  13.8  13.8  15.2  18.2  22.8  18.7  30.4  25.4  
24th  30.4  26.8  20.0  17.9  14.5  13.7  15.3  13.1  22.9  25.0  29.8  31.2  
25th  30.1  26.5  22.4  17.5  14.7  13.7  15.3  17.6  22.9  28.0  29.6  25.0  
26th  29.0  22.1  21.6  7.5  13.5  13.7  15.4  18.7  14.2  24.2    25.3  
27th  21.4  21.8  20.9  16.4  14.5  12.6  15.5  16.6  20.3  28.2  28.2  29.4  
28th  26.7  19.1  21.8  16.0  11.9  12.0  15.5  19.0  23.5  27.6  26.1  29.3  
29th  29.4    13.1  17.3  14.4  10.5  15.7  19.1  23.6  26.7  10.8  27.1  
30th  28.2    2.4  17.2  14.4  13.4  15.7  19.2  23.6  27.5  17.9  20.9  
31st  29.8    19.1    14.3    15.8  19.3    28.7    22.0  
Lowest daily  14.1  6.0  2.4  7.5  4.4  7.6  4.7  13.1  14.2  4.6  10.1  5.4  
Monthly mean  26.6  25.1  18.1  17.1  13.5  12.6  13.7  16.8  20.8  18.7  26.2  26.1  
Mean  24.9  22.1  20.1  17.1  13.6  11.7  12.9  16.3  19.8  22.5  24.6  25.0  
Highest monthly mean  29.2  26.1  24.2  19.4  16.0  13.3  15.1  18.1  22.9  25.5  29.0  28.5  
Lowest monthly mean  21.3  18.0  16.0  12.9  11.8  9.9  10.3  13.7  15.5  18.7  19.8  17.8  
