Wagga Wagga2017solar
1st  17.3  6.1  24.0  18.5  11.2  10.9  10.5  10.0  17.1  22.4  25.6  6.4  
2nd  32.0  22.4  22.7  16.8  10.6  10.8  10.5  13.0  11.1  22.6  28.1  4.6  
3rd  32.0  26.9  19.7  16.5  13.5  10.8  3.9  3.8  13.1  22.8  14.8  13.1  
4th  28.1  20.0  14.2  17.8  13.3  10.7  5.7  5.0  14.7  22.2  28.4  17.8  
5th  29.0  17.1  21.7  17.3  10.7  9.9  4.6  9.8  13.0  10.7  27.9  15.1  
6th  31.8  18.8  23.5  15.9  10.9  10.0  9.4  9.9  10.3  23.2  13.5  22.3  
7th  30.4  24.0  23.2  17.3  12.9  10.6  7.7  6.7  11.8  22.1  28.9  24.7  
8th  19.9  27.7  22.7  13.6  12.8  10.5  5.4  10.9  14.2  4.4  29.0  26.7  
9th  13.9  28.0  22.8  8.8  12.7  6.2  8.3  12.7  16.9  17.5  29.0  31.6  
10th  24.9  26.2  21.4  7.5  12.6  9.7  9.3  13.6  18.6  24.1  28.3  31.9  
11th  30.9  22.4  21.8  16.7  10.7  10.5  9.6  12.6  17.4  19.0  28.2  31.8  
12th  31.4  10.5  17.0  16.1  9.2  9.4  10.7  10.9  7.7  22.0  28.7  31.9  
13th  14.8  27.4  15.5  15.9  10.8  10.4  10.6  13.9  13.2  20.7  27.9  31.9  
14th  31.2  27.3  20.9  16.2  9.3  10.4  8.0  13.9  13.5  23.3  28.7  14.9  
15th  31.2  26.3  18.3  16.0  11.8  7.5  8.6  5.0  10.3  25.1  24.2  27.0  
16th  31.0  26.7  16.3  13.4  12.0  6.5  11.0  11.8  17.2  25.2  4.8  28.7  
17th  27.2  17.8  20.5  15.2  9.9  7.6  8.8  12.7  20.0  25.4  17.4  30.8  
18th  29.3  25.9  20.6  15.5  11.6  10.0  8.3  11.8  20.2  25.5  10.0  26.6  
19th  29.4  25.4  18.1  15.2  2.2  10.4  6.8  13.2  16.8  6.2  27.0  20.4  
20th  11.2  24.6  14.9  14.9  9.3  10.4  8.6  15.3  20.5  23.3  30.2  11.8  
21st  30.6  25.9  8.7  4.0  9.5  10.2  11.7  8.1  20.7  24.6  29.8  31.9  
22nd  30.4  25.7  8.2  10.8  11.4  9.8  11.9  15.6  20.6  22.9  30.1  31.7  
23rd  24.4  25.5  11.5  14.8  10.6  10.0  11.0  15.1  19.1  26.5  24.9  31.4  
24th  19.7  25.3  19.1  11.6  8.7  9.9  8.2  13.8  19.6  25.9  23.1  19.1  
25th  24.2  22.6  11.5  4.7  7.3  6.7  10.3  16.1  18.0  18.1  21.1  31.4  
26th  29.9  24.6  19.3  6.3  10.7  10.3  10.3  16.1  21.5  17.7    29.0  
27th  28.8  22.8  18.7  12.6  11.1  6.0  11.1  12.9  15.3  25.6  17.5  31.5  
28th  29.5  24.1  19.2  13.0  7.7  9.1  12.1  16.5  18.2  9.9  30.4  15.7  
29th  29.3    18.9  11.8  9.6  9.9  12.5  16.6  20.6  21.1  30.8  3.4  
30th  23.7    18.8  11.6  6.9  10.4  6.4  16.3  21.4  19.7  30.6  31.1  
31st  26.0    18.6    10.9    5.4  17.0    26.9    31.8  
Lowest daily  11.2  6.1  8.2  4.0  2.2  6.0  3.9  3.8  7.7  4.4  4.8  3.4  
Monthly mean  26.6  23.1  18.5  13.5  10.4  9.5  8.9  12.3  16.4  20.9  24.8  23.8  
Mean  27.7  24.0  20.2  14.5  10.3  7.6  8.3  11.6  16.0  21.5  24.8  27.3  
Highest monthly mean  30.7  27.2  22.7  16.7  11.8  9.5  9.8  15.0  18.7  25.2  27.9  30.5  
Lowest monthly mean  22.3  20.7  17.2  11.1  8.1  6.1  6.5  9.4  13.0  19.2  20.3  23.5  
