Wollongong2017solar
1st  9.5  4.3  19.5  18.3  13.4  11.1  10.9  13.0  16.9  22.6  21.8  29.8  
2nd  11.0  20.9  15.4  16.8  10.2  10.0  10.9  13.1  17.3  22.1  21.8  8.9  
3rd  22.3  8.8  3.4  10.8  12.2  7.4  6.0  9.6  14.6  21.5  16.2  26.2  
4th  21.2  19.1  6.3  8.2  10.9  9.1  10.8  13.0  17.8  22.0  5.3  6.8  
5th  12.3  18.7  11.4  15.3  12.9  10.9  10.3  13.5  17.8  21.9  4.4  18.3  
6th  20.0  25.9  19.0  14.8  12.7  10.0  11.1  13.6  18.1  16.4  15.9  17.0  
7th  30.2  4.8  12.9  17.7  13.3  3.9  10.9  13.8  18.2  22.3  28.3  25.3  
8th  29.4  5.2  6.9  16.9  12.9  8.5  10.0  13.9  18.0  10.9  24.5  22.5  
9th  21.9  27.7  14.2  13.2  13.0  8.6  11.1  14.0  18.4  21.5  29.1  25.7  
10th  24.9  27.9  21.3  13.3  12.9  5.4  11.2  12.6  18.4  12.8  28.9  31.3  
11th  24.8  24.0  21.6  15.0  12.6  9.8  11.1  13.8  18.5  12.4  26.6  31.8  
12th  25.1  10.5  20.0  12.0  9.8  10.7  11.2  11.4  8.7  24.2  28.3  27.7  
13th  28.9  27.5  16.0  16.5  12.2  9.6  11.4  14.5  19.2  24.7  25.1  31.5  
14th  22.8  4.0  7.7  16.6  9.4  10.1  9.2  14.6  19.1  13.8  28.3  24.2  
15th  6.7  23.7  13.8  14.2  11.1  10.2  11.1  6.9  19.2  19.8  29.4  4.0  
16th  29.9  26.0  3.0  15.3  12.3  7.6  11.7  13.7  12.1  24.4  20.0  31.9  
17th  27.3  15.8  2.7  14.4  12.2  5.1  9.9  15.0  19.9  24.3  20.1  16.4  
18th  25.5  15.8  9.2  15.6  10.9  9.3  11.8  15.2  20.1  20.1  10.5  20.5  
19th  7.2  22.7  8.9  11.4  5.1  10.5  11.9  14.6  20.3  25.8  28.3  24.6  
20th  10.0  26.4  11.3  14.7  9.0  10.7  12.0  15.2  19.7  3.1  21.2  12.1  
21st  28.4  24.6  6.0  12.1  11.5  9.9  12.0  7.2  20.6  24.0  27.0  7.1  
22nd  29.7  25.4  13.7  10.8  8.6  10.6  12.1  15.7  20.5  14.5  21.4  23.9  
23rd  30.1  25.8  6.6  15.2  11.7  6.8  11.9  15.9  17.6  26.4  29.9  30.7  
24th  8.8  17.6  14.4  15.0  10.3  10.7  12.3  10.3  17.6  26.3  25.0  19.6  
25th  11.5  4.3  7.2  6.6  11.6  10.7  12.4  14.2  21.3  13.8  30.3  6.5  
26th  6.5  20.2  19.7  11.9  10.0  10.7  12.5  16.3  20.6  12.6    10.2  
27th  17.4  16.2  19.8  12.8  10.8  7.8  12.5  13.8  17.9  18.8  14.4  20.7  
28th  29.2  20.6  6.1  14.4  10.1  5.2  12.6  16.1  18.1  21.4  27.5  29.2  
29th  27.6    14.8  14.3  11.3  10.6  12.8  15.5  22.1  24.6  22.1  19.3  
30th  25.0    1.9  13.2  11.2  10.9  12.9  16.6  19.0  23.0  29.3  23.3  
31st  6.1    19.1    10.9    3.7  14.9    26.5    6.2  
Lowest daily  6.1  4.0  1.9  6.6  5.1  3.9  3.7  6.9  8.7  3.1  4.4  4.0  
Monthly mean  20.4  18.4  12.1  13.9  11.2  9.1  11.0  13.6  18.3  19.9  22.8  20.4  
Mean  22.4  19.5  16.7  13.4  10.2  8.3  9.6  13.1  16.9  19.7  20.8  22.5  
Highest monthly mean  27.1  22.8  21.7  16.1  11.2  9.8  11.0  14.9  19.9  24.0  26.9  26.5  
Lowest monthly mean  18.7  15.6  12.1  9.9  7.8  6.5  7.7  10.0  14.8  16.3  16.3  18.9  
