Adelaide17solar
1st  23.2  13.7  24.2  14.3  5.7  10.9  10.7  11.5  16.1  20.2  22.1  12.9  
2nd  31.2  23.7  24.0  15.3  8.9  10.9  10.7  6.8  6.9  22.9  25.0  12.4  
3rd  30.8  29.0  23.8  17.9  10.5  10.8  5.8  6.1  13.9  23.1  21.1  21.8  
4th  31.8  15.6  23.6  17.5  13.4  10.6  6.0  5.1  14.6  17.4  28.5  21.4  
5th  31.0  2.5  23.2  14.7  13.0  9.8  9.5  8.6  14.7  17.0  25.9  26.8  
6th  31.8  4.6  23.1  17.5  8.5  9.8  8.0  6.2  11.0  18.2  27.6  31.8  
7th  20.3  28.3  23.1  16.8  5.6  10.6  7.0  11.0  13.8  19.9  20.3  13.3  
8th  21.3  28.2  22.9  16.0  12.7  8.7  8.6  9.2  16.9  23.9  29.1  29.3  
9th  18.2  27.4  22.7  11.5  12.8  6.1  8.8  11.9  11.8  22.9  26.5  31.9  
10th  29.8  27.9  21.0  7.7  12.6  10.1  10.1  9.8  15.6  24.3  13.7  32.0  
11th  31.4  25.2  2.9  12.0  10.3  9.9  11.0  13.3  18.3  7.0  10.5  32.0  
12th  29.9  23.2  15.4  16.5  12.5  9.6  10.9  13.9  18.6  17.3  19.7  31.7  
13th  13.4  17.6  11.1  16.4  12.4  9.8  9.6  14.4  16.7  20.1  24.6  19.9  
14th  25.6  26.1  21.8  16.2  12.3  10.3  8.5  12.4  13.0  25.1  12.9  24.3  
15th  30.7  25.0  20.5  15.3  12.0  7.9  9.5  3.4  13.1  25.3  5.9  32.2  
16th  31.0  23.9  19.2  13.5  3.6  6.2  6.2  9.9  19.9  25.5  16.1  31.5  
17th  31.0  10.7  21.1  14.3  3.9  9.0  7.0  12.2  20.0  25.3  5.0  18.5  
18th  24.1  20.4  20.9  12.6  8.9  7.1  7.4  13.2  10.3  23.4  20.5  9.3  
19th  25.1  15.4  20.7  10.5  6.2  10.4  8.4  12.5  18.9  16.9  29.9  24.6  
20th  23.8  23.5  8.6  3.5  9.8  10.5  10.9  9.8  18.8  23.5  27.2  28.7  
21st  30.7  25.9  12.3  9.3  11.4  10.4  11.8  7.1  20.4  24.3  29.4  31.3  
22nd  29.0  24.4  7.5  13.9  2.9  10.5  11.8  11.2  21.1  16.4  23.0  32.0  
23rd  11.6  22.5  19.3  9.4  9.2  9.4  8.1  9.2  20.5  24.0  16.1  25.3  
24th  28.4  24.9  18.3  5.5  10.4  10.0  12.1  11.1  15.8  11.6  15.0  31.5  
25th  30.2  25.0  10.3  10.9  10.6  6.5  5.9  9.3  20.0  25.0  30.7  32.2  
26th  30.1  24.9  12.3  11.0  11.0  8.9  10.6  13.2  13.8  18.5    32.2  
27th  30.0  24.6  15.3  9.8  10.3  9.9  7.2  14.1  21.0  19.9  31.1  12.6  
28th  29.9  23.2  16.6  6.9  6.7  6.7  10.8  8.0  16.9  24.5  31.2  11.5  
29th  29.7    10.5  5.6  5.7  7.3  3.6  13.0  17.3  20.5  24.7  10.3  
30th  13.3    12.7  8.4  8.9  10.1  10.8  13.2  22.1  25.3  27.1  25.2  
31st  20.1    11.9    10.7    10.4  16.5    25.7    28.0  
Lowest daily  11.6  2.5  2.9  3.5  2.9  6.1  3.6  3.4  6.9  7.0  5.0  9.3  
Monthly mean  26.4  21.7  17.4  12.3  9.5  9.3  9.0  10.6  16.4  21.1  22.1  24.5  
Mean  27.5  24.2  19.2  13.4  9.2  7.5  8.2  11.4  15.4  20.5  24.5  26.5  
Highest monthly mean  32.1  28.1  22.2  15.3  10.4  9.3  9.6  14.6  18.4  24.6  27.3  29.6  
Lowest monthly mean  24.5  20.9  17.2  11.3  7.5  6.0  6.4  8.7  11.0  15.8  19.2  21.5  
Adelaide18solar
1st  26.9                        
2nd  26.7                        
3rd  29.7                        
4th  31.8                        
5th  31.9                        
6th  31.8                        
7th  24.4                        
8th  30.6                        
9th  30.6                        
10th                          
11th                          
12th                          
13th                          
14th                          
15th                          
16th                          
17th                          
18th                          
19th                          
20th                          
21st                          
22nd                          
23rd                          
24th                          
25th                          
26th                          
27th                          
28th                          
29th                          
30th                          
31st                          
Lowest daily  24.4                        
Monthly mean  29.4                        
Mean  27.5  24.2  19.2  13.4  9.2  7.5  8.2  11.4  15.4  20.5  24.5  26.5  
Highest monthly mean  32.1  28.1  22.2  15.3  10.4  9.3  9.6  14.6  18.4  24.6  27.3  29.6  
Lowest monthly mean  24.5  20.9  17.2  11.3  7.5  6.0  6.4  8.7  11.0  15.8  19.2  21.5  
Brisbane17solar
1st  31.1  29.7  23.3  20.1  16.0  14.2  14.0  16.1  19.3  10.8  22.7  29.0  
2nd  27.3  29.6  19.8  15.0  16.0  14.3  14.1  16.0  19.5  6.1  26.5  25.5  
3rd  7.7  26.7  22.4  13.5  14.0  13.8  13.3  14.5  19.8  17.9  25.5  19.7  
4th  19.7  28.5  18.2  12.6  12.1  13.3  13.8  16.4  19.8  17.1  29.0  7.6  
5th  15.9  25.4  18.7  17.4  15.3  14.1  13.9  16.5  20.4  25.1  24.7  21.2  
6th  17.6  28.4  20.7  9.9  15.9  13.9  14.1  15.7  20.5  23.4  18.7  31.2  
7th  22.9  27.0  24.5  19.2  14.8  14.1  5.6  16.3  20.6  9.6  19.2  30.4  
8th  26.2  24.3  14.6  16.2  8.7  14.0  14.3  16.8  20.7  17.7  18.3  16.8  
9th  26.2  26.1  20.8  16.1  13.5  12.3  13.5  17.0  20.6  20.3  25.7  28.9  
10th  28.0  26.4  24.3  19.7  4.9  11.2  11.5  17.1  20.8  25.4  22.6  25.8  
11th  28.5  28.6  24.2  19.9  14.2  6.8  13.7  17.2  21.1  16.0  17.2  26.8  
12th  27.8  28.5  21.4  18.0  12.7  12.3  13.2  15.0  21.1  5.9  25.4  27.4  
13th  28.3  20.6  7.7  14.0  9.5  5.6  13.2  17.3  20.5  22.6  25.4  26.1  
14th  30.8  13.8  11.3  13.9  9.7  7.2  14.4  17.1  19.3  10.3  27.8  30.5  
15th  7.6  16.6  12.2  16.8  15.6  11.9  14.4  17.7  21.7  10.9  20.6  30.9  
16th  27.6  22.9  17.8  18.0  15.5  10.8  12.7  17.8  21.9  8.7  27.7  28.8  
17th  29.3  26.0  15.9  14.7  14.4  11.4  14.5  17.9  18.1  7.2  23.6  28.3  
18th  30.8  27.5  17.9  15.5  9.9  13.9  14.6  17.9  21.0  12.4  4.7  29.4  
19th  17.3  16.8  12.4  15.8  5.7  12.2  14.8  18.1  22.3  16.3  15.6  30.5  
20th  26.3  22.5  7.2  16.4  13.3  9.3  15.1  18.2  22.4  18.3  25.6  30.7  
21st  15.3  24.9  11.6  14.0  14.5  13.2  15.2  16.4  20.8  4.2  23.4  30.0  
22nd  22.7  21.6  8.6  12.1  13.6  12.4  15.2  17.2  21.3  26.0  21.4  20.6  
23rd  23.6  23.4  13.7  15.7  14.9  13.9  15.3  16.9  23.2  17.3  23.9  29.6  
24th  30.4  25.4  12.5  14.0  14.3  13.7  15.4  12.3  23.3  25.8  28.4  31.5  
25th  30.2  24.8  16.9  17.0  14.5  13.8  15.5  16.9  23.5  28.0  24.2  29.9  
26th  27.7  17.3  21.0  6.6  14.2  13.9  15.6  18.9  17.3  27.3    19.5  
27th  6.8  21.5  18.4  17.6  12.3  8.8  15.6  17.3  10.8  28.1  26.4  22.6  
28th  25.0  22.1  20.7  15.8  14.2  13.7  15.5  19.3  23.9  27.0  24.0  20.6  
29th  28.9    11.8  17.4  14.5  14.0  15.8  19.1  24.2  28.0  5.4  29.7  
30th  26.9    0.8  15.9  14.3  13.8  15.9  19.5  24.0  23.9  20.7  24.7  
31st  29.6    17.4    14.4    15.6  17.8    28.0    16.5  
Lowest daily  6.8  13.8  0.8  6.6  4.9  5.6  5.6  12.3  10.8  4.2  4.7  7.6  
Monthly mean  24.0  24.2  16.4  15.6  13.1  12.3  14.2  17.0  20.8  18.2  22.2  25.8  
Mean  23.5  21.2  18.9  16.3  13.3  11.7  13.0  16.0  19.5  21.6  23.5  24.0  
Highest monthly mean  27.1  25.2  23.2  18.4  15.5  13.4  15.1  18.0  22.4  23.6  27.4  28.0  
Lowest monthly mean  19.9  16.6  15.5  13.5  11.0  10.3  10.8  14.0  14.4  17.6  20.0  16.5  
Brisbane18solar
1st  21.7                        
2nd  13.6                        
3rd  24.9                        
4th  21.5                        
5th  22.3                        
6th  30.8                        
7th  31.3                        
8th  31.3                        
9th  30.7                        
10th                          
11th                          
12th                          
13th                          
14th                          
15th                          
16th                          
17th                          
18th                          
19th                          
20th                          
21st                          
22nd                          
23rd                          
24th                          
25th                          
26th                          
27th                          
28th                          
29th                          
30th                          
31st                          
Lowest daily  13.6                        
Monthly mean  25.4                        
Mean  23.5  21.2  18.9  16.3  13.3  11.7  13.0  16.0  19.5  21.6  23.5  24.0  
Highest monthly mean  27.1  25.2  23.2  18.4  15.5  13.4  15.1  18.0  22.4  23.6  27.4  28.0  
Lowest monthly mean  19.9  16.6  15.5  13.5  11.0  10.3  10.8  14.0  14.4  17.6  20.0  16.5  
Sydney17solar
1st  10.5  3.9  16.1  18.4  13.8  11.4  11.1  13.3  16.6  22.9  21.9  30.8  
2nd  13.8  16.3  19.3  7.1  13.4  9.5  11.2  13.3  17.5  21.4  22.8  10.2  
3rd  18.7  8.0  7.9  9.5  7.1  6.8  5.9  10.4  15.8  15.2  17.8  27.9  
4th  23.2  19.9  7.8  15.0  8.1  9.1  11.2  13.6  18.0  19.7  3.0  4.9  
5th  17.2  21.4  8.7  14.7  12.9  11.1  10.7  13.8  18.1  22.6  6.3  17.7  
6th  24.3  27.5  17.3  16.4  13.3  7.2  11.3  13.9  18.3  11.3  16.9  17.7  
7th  31.1  3.6  12.0  17.6  13.5  4.1  11.0  14.0  18.5  20.4  28.7  24.6  
8th  29.3  17.6  9.4  16.4  12.7  7.8  11.1  14.1  18.1  13.1  23.7  18.4  
9th  29.2  28.0  12.6  17.5  12.5  6.9  11.5  14.2  18.8  21.2  28.8  24.9  
10th  22.8  28.1  16.9  9.8  12.6  7.4  11.4  13.6  18.4  14.4  27.5  31.1  
11th  25.4  25.9  21.6  10.9  12.6  6.2  11.2  13.4  19.0  11.4  27.4  31.8  
12th  24.7  19.6  22.5  11.5  7.6  10.8  8.7  11.4  13.1  23.5  28.1  30.5  
13th  28.2  27.5  15.6  14.9  12.0  9.1  11.7  14.7  18.7  21.9  26.5  31.8  
14th  23.0  11.1  3.5  16.8  6.1  6.7  10.1  14.6  19.4  3.7  27.6  30.7  
15th  19.1  20.5  13.0  15.0  9.2  9.8  10.1  4.9  19.8  13.9  29.8  11.4  
16th  27.7  27.1  5.9  16.0  12.6  6.9  11.9  13.6  13.1  24.7  17.9  31.4  
17th  29.4  13.2  6.7  14.7  12.5  7.0  10.3  15.3  20.2  23.4  20.2  11.0  
18th  27.6  18.1  10.4  15.4  9.8  7.6  12.1  15.4  20.4  23.0  16.4  24.4  
19th  7.9  20.3  11.4  10.8  5.4  7.5  11.8  15.4  20.5  26.1  25.7  26.5  
20th  8.2  26.5  14.0  14.9  10.2  9.0  12.2  13.0  18.5  2.9  20.2  23.9  
21st  27.1  24.8  11.3  12.2  12.1  7.8  12.3  8.9  20.9  23.0  26.0  7.7  
22nd  28.4  26.1  14.4  10.9  10.4  10.3  12.4  16.0  20.9  18.8  24.9  25.1  
23rd  30.1  26.0  5.1  15.3  11.2  7.7  12.5  16.1  15.7  26.1  30.4  31.9  
24th  11.9  16.2  10.5  15.0  11.7  10.7  12.6  14.4  14.8  26.4  27.6  22.5  
25th  6.1  2.7  12.4  8.1  11.8  11.0  12.7  14.8  20.1  20.7  30.5  4.5  
26th  7.6  17.8  20.0  12.4  11.6  11.0  12.7  16.5  21.6  12.1    8.5  
27th  18.3  17.7  19.8  14.1  10.7  8.9  12.7  15.7  17.2  14.7  13.2  30.1  
28th  29.9  17.9  5.8  14.7  11.6  5.6  12.7  13.2  12.4  21.6  26.3  28.6  
29th  21.4    18.2  14.5  11.6  8.4  13.0  13.4  22.3  26.5  22.6  26.7  
30th  26.3    1.5  12.3  11.5  11.1  9.2  17.2  13.1  23.4  28.9  23.0  
31st  20.0    17.5    10.6    4.1  15.0    26.1    24.6  
Lowest daily  6.1  2.7  1.5  7.1  5.4  4.1  4.1  4.9  12.4  2.9  3.0  4.5  
Monthly mean  21.6  19.1  12.5  13.8  11.0  8.5  11.1  13.8  18.0  19.2  23.0  22.4  
Mean  22.9  20.1  17.0  13.6  10.3  8.5  9.7  13.1  16.9  19.9  21.6  23.1  
Highest monthly mean  27.2  24.0  21.3  16.3  11.7  10.2  11.4  15.1  19.0  24.1  27.8  27.4  
Lowest monthly mean  19.6  17.1  12.5  9.9  8.4  6.9  7.6  10.4  14.6  16.7  17.9  19.0  
Sydney18solar
1st  29.1                        
2nd  24.2                        
3rd  12.3                        
4th  16.6                        
5th  30.3                        
6th  31.7                        
7th  30.6                        
8th  21.5                        
9th  13.0                        
10th                          
11th                          
12th                          
13th                          
14th                          
15th                          
16th                          
17th                          
18th                          
19th                          
20th                          
21st                          
22nd                          
23rd                          
24th                          
25th                          
26th                          
27th                          
28th                          
29th                          
30th                          
31st                          
Lowest daily  12.3                        
Monthly mean  23.3                        
Mean  22.9  20.1  17.0  13.6  10.3  8.5  9.7  13.1  16.9  19.9  21.6  23.1  
Highest monthly mean  27.2  24.0  21.3  16.3  11.7  10.2  11.4  15.1  19.0  24.1  27.8  27.4  
Lowest monthly mean  19.6  17.1  12.5  9.9  8.4  6.9  7.6  10.4  14.6  16.7  17.9  19.0  
Adelaide17temp

Adelaide18temp

Brisbane17temp
1st  34.7  32.9  32.6  29.0  26.8  21.7  20.4  23.4  24.2  25.9    28.0  
2nd  32.5  32.9  32.1  27.7  27.5  22.8  21.6  22.7  24.6  22.2  28.2  29.4  
3rd  26.8  32.4  32.3  25.6  27.5  23.5  22.3  22.9  27.1  27.1  28.6    
4th  29.6  32.8  31.8  24.5  23.6  23.8    22.5  28.4  28.5  29.7  28.0  
5th  29.4  32.8  34.3  25.6  24.8  23.6  26.4  23.1  27.5  30.1  28.9    
6th  28.6  33.0  31.5  22.7  24.9  22.6  23.6  24.9  27.0  30.7  28.3  31.8  
7th  28.5  32.8  33.0  26.3  26.4  20.2  16.4  26.3  27.1  24.1  28.0  33.1  
8th  29.2  32.8  31.0  26.2  22.0  21.8  21.9  22.8  26.7  27.4  25.6  31.0  
9th  30.0  32.2  31.1  27.4  23.5  23.2  21.5  24.1  24.9  29.1  24.7  30.2  
10th  31.2  33.0  31.9  29.0  19.5  22.9  21.7  24.1  23.9  33.1  24.5  28.9  
11th  32.3  37.0  31.1  27.1  24.7  21.1  22.8  26.2  25.7  28.8  25.6  29.4  
12th  35.6  37.6  32.9  28.3  23.9  22.4  21.3  29.0  27.9  25.4  25.8  29.4  
13th  33.3  35.6  27.8  26.7  23.1  18.9  20.8  26.6  27.1  29.9  26.1  28.9  
14th  35.0  30.3  30.4  26.8  21.9  20.3  22.7  26.9  23.3  27.0  26.5  29.9  
15th  32.0  30.4  28.9  26.7  26.4  22.9  24.6  27.3  24.6  22.6  26.8  30.3  
16th  31.2  31.7  33.1  26.6  26.0  24.1  23.1  28.6  27.1  22.6  28.0  30.6  
17th  31.9  31.8  35.7  26.8  25.0  24.6    32.3  24.4  22.8  27.0  30.3  
18th  35.0  31.9  32.8  26.6  23.6  23.6  26.3  25.9  24.5  23.9  24.1  29.2  
19th  30.9  34.0  29.6  26.0  20.7  22.7  19.1  20.7  28.1  24.6  24.0  31.1  
20th  32.3  31.7  27.3  26.2  25.0  21.0  20.7  21.8  25.9  26.4  26.5  31.7  
21st  33.6  32.0  28.6    25.8  23.4  21.6  22.1  25.9  20.4  25.9  32.9  
22nd  29.1  30.3  27.9  24.8  25.9  22.7  21.8  24.9  28.2    25.5    
23rd  29.2  31.0  29.3  26.4  26.9  23.7  23.2  26.7  28.6  22.7  26.5  31.7  
24th  32.2  32.0  29.4  26.0  27.7  24.5  25.3  24.4  29.2  25.6  28.8  33.0  
25th  31.4  31.9  28.0  26.9  24.9  24.2  23.8  22.9  29.9  27.3  28.7  36.2  
26th  32.3  31.6    23.7  25.0  25.1  25.7  23.9  30.5  30.6  29.5  29.7  
27th  29.1  29.1  30.1  22.6  24.6  22.1  23.3  23.7  25.5  30.3  29.0  29.6  
28th  30.6  31.1  31.3  25.3  25.7  23.9  26.3  23.0  30.8  28.9  29.2  29.4  
29th  31.8    29.5  26.3  26.4  24.5  24.8  22.1  37.0  30.5  26.7  30.4  
30th      25.8  25.8  25.1  23.0  24.2  25.8  34.1  30.6  27.5  32.2  
31st  32.5    28.3    22.4    25.6  23.3    29.7    33.6  
Lowest daily  26.8  29.1  25.8  22.6  19.5  18.9  16.4  20.7  23.3  20.4  24.0  28.0  
Monthly mean  31.4  32.5  30.6  26.2  24.7  22.8  22.9  24.7  27.3  27.0  27.0    
Mean  30.3  30.1  29.1  27.1  24.5  21.9  21.9  23.3  25.7  27.1  28.1  29.4  
Highest monthly mean  31.5  32.5  30.8  28.8  27.0  23.3  23.0  25.5  27.6  28.8  30.2  32.1  
Lowest monthly mean  28.7  28.4  27.3  26.1  23.3  20.4  20.6  21.6  24.2  24.8  26.6  27.2  
Highest Daily  40.0 21st   2000   41.7 22nd   2004   37.9 11th   2007   33.7 4th   2006   30.7 20th   2003   29.0 16th   2002   29.1 23rd   2016   35.4 24th   2009   37.0 29th   2017   38.7 23rd   2004   38.9 16th   2014   40.0 24th   2001   
Lowest Daily  23.5 24th   2012   22.1 3rd   2003   22.8 12th   2003   18.0 30th   2015   18.0 22nd   2013   12.6 9th   2011   12.0 27th   2000   13.5 12th   2005   17.2 6th   2007   19.3 9th   2010   20.8 6th   2007   19.9 7th   2011   
Brisbane18temp
1st  32.1                        
2nd  30.8                        
3rd  31.2                        
4th  29.5                        
5th  29.5                        
6th                          
7th                          
8th  32.4                        
9th  32.1                        
10th                          
11th                          
12th                          
13th                          
14th                          
15th                          
16th                          
17th                          
18th                          
19th                          
20th                          
21st                          
22nd                          
23rd                          
24th                          
25th                          
26th                          
27th                          
28th                          
29th                          
30th                          
31st                          
Lowest daily  29.5                        
Monthly mean                          
Mean  30.3  30.1  29.1  27.1  24.5  21.9  21.9  23.3  25.7  27.1  28.1  29.4  
Highest monthly mean  31.5  32.5  30.8  28.8  27.0  23.3  23.0  25.5  27.6  28.8  30.2  32.1  
Lowest monthly mean  28.7  28.4  27.3  26.1  23.3  20.4  20.6  21.6  24.2  24.8  26.6  27.2  
Highest Daily  40.0 21st   2000   41.7 22nd   2004   37.9 11th   2007   33.7 4th   2006   30.7 20th   2003   29.0 16th   2002   29.1 23rd   2016   35.4 24th   2009   37.0 29th   2017   38.7 23rd   2004   38.9 16th   2014   40.0 24th   2001   
Lowest Daily  23.5 24th   2012   22.1 3rd   2003   22.8 12th   2003   18.0 30th   2015   18.0 22nd   2013   12.6 9th   2011   12.0 27th   2000   13.5 12th   2005   17.2 6th   2007   19.3 9th   2010   20.8 6th   2007   19.9 7th   2011   
Sydney17temp

Sydney18temp

Adelaide17rain

Adelaide18rain

Brisbane17rain
1st  0  0  0  0.2  0  0  0.2  0  0  0  0  0.2  
2nd  0  0  0.4  0  0  0  0  0  0  6.6    0  
3rd  98.0  0  0  0  0  0  0  0  0  30.4  0  0.8  
4th  0.6  0  0  0  0  0  0  0  0  3.4  0  0  
5th  0  0  2.6  0.4  0  0.2  0.2  0  0  0  0  23.6  
6th  0.4  0  0.2  3.2  0  0  6.6  0  0  0  0    
7th  23.4    0  0.2  0  0  4.8  2.4  0  11.2  4.8  0  
8th  0.2  0  0  0  0  0  7.0  0  0  0  0  0  
9th  0  4.0  0  0  18.0  0  0.2  0  0  0  1.0  0.2  
10th  0  1.4  0  0  0.6  0  0  0  0  0  0  4.2  
11th  0  0  0  0  2.8  18.8  0.4  0  0  0  2.8  0  
12th  0  0  0.4  0  0  14.6  0  0  0  0  1.0  0  
13th  0.2  0  0  0  0  6.0  0  0  0  2.0  0.2  0  
14th  0  8.6  0  0  0.2  10.2  0  0  0  0  0  0  
15th  0  0.2  2.8  0  0.4  24.8  0  0  0  25.8  0  0  
16th  83.2  0  0.2  0  0.2  0  23.4  0  0  26.4  0  0.8  
17th  0.2  0  0  0  0  0  0  0  0  4.6  0  0.2  
18th  0  0  41.8  0  0  0.2  0  0  0  12.4  9.0  0  
19th  0  1.2  11.0  0  10.6  0  4.2  0.4  0  1.8  28.4  0  
20th  0  15.2  24.2  0  3.0  0  0  0  0  0  5.8  0  
21st  0  0  90.6  0.4  0  0  0  0  0  3.8  1.8  0  
22nd  2.4  0  3.8    0.2  0  0  0  0  11.4  0.4  0.4  
23rd  0  0  0.6  0  0  0  0  0.2  6.0  2.8  0    
24th  0  0  0.8  0  0  0  0  0  0  0.2  1.2  0  
25th  0  0  10.0  0.2  0.2  0  0  2.2  0  0  0  0  
26th  0  0  0.2  0.2  0  0  0  0  0  0  0  54.8  
27th  3.2  0  0  1.0  0  0  0  0  0  0.8  0  3.0  
28th  6.6  0  0  0  0  0.2  0  0  0  0  0  0.6  
29th  0    0  0  0  0  0  0  0  0  18.2  9.0  
30th  0      0  0  5.0  0  0  0  5.2  28.0    
31st          0    0  0    0    0  
Monthly Total  218.4  30.6    5.8  36.2  80.0  47.0  5.2  6.0  148.8  102.6  97.8  
Highest Daily  168.4 25th   2012   121.4 17th   2010   138.0 10th   2001   76.4 29th   2012   182.6 2nd   2015   110.6 20th   2016   25.0 27th   2001   78.0 11th   2010   41.6 5th   2008   93.6 11th   2010   79.4 20th   2008   84.0 31st   2001   
Brisbane18rain
1st  0.4                        
2nd  0                        
3rd  4.8                        
4th  0                        
5th  0                        
6th  0                        
7th                          
8th                          
9th  0                        
10th  0                        
11th                          
12th                          
13th                          
14th                          
15th                          
16th                          
17th                          
18th                          
19th                          
20th                          
21st                          
22nd                          
23rd                          
24th                          
25th                          
26th                          
27th                          
28th                          
29th                          
30th                          
31st                          
Highest Daily  168.4 25th   2012   121.4 17th   2010   138.0 10th   2001   76.4 29th   2012   182.6 2nd   2015   110.6 20th   2016   25.0 27th   2001   78.0 11th   2010   41.6 5th   2008   93.6 11th   2010   79.4 20th   2008   84.0 31st   2001   
Sydney17rain

Sydney18rain

