Melbourne17solar
1st  8.5  9.3  23.7  13.5  8.7  4.7  9.3  11.5  14.4  9.2  14.2  1.6  
2nd  7.8  28.2  22.0  10.1  9.4  7.3  9.2  7.5  6.3  16.4  17.0  0.7  
3rd  25.9  28.1  18.1  16.8  10.8  8.3  3.9  4.4  6.3  21.8  20.5  14.4  
4th  31.6  27.3  23.0  16.4  12.0  9.3  6.4  7.2  13.4  21.6  24.6  7.9  
5th  29.7  9.3  16.8  15.8  10.6  5.0  6.5  11.7  11.0  10.4  24.1  22.9  
6th  30.1  3.9  22.3  13.5  6.1  6.3  8.7  8.2  11.0  16.8  18.9  23.6  
7th  28.5  27.9  22.4  15.6  9.4  9.2  9.4  7.3  9.5  17.3  18.8  19.8  
8th  29.3  27.7  22.1  13.8  7.2  7.2  5.1  7.5  13.1  19.5  25.4  28.5  
9th  14.3  24.4  21.1  6.5  7.3  7.8  7.3  11.5  15.9  16.7  28.8  19.2  
10th  28.6  21.3  19.4  3.0  11.3  8.9  5.7  8.4  12.3  23.6  23.7  31.4  
11th  25.9  21.0  13.9  13.5  8.6  8.6  9.7  9.3  7.0  7.5  28.8  26.3  
12th  30.7  12.6  19.6  14.0  9.9  5.1  9.8  9.9  3.5  15.6  25.0  31.3  
13th  1.3  20.5  20.7  13.9  10.1  6.6  5.5  11.1  8.2  12.5  29.5  32.0  
14th  16.5  15.6  20.8  8.9  7.7  8.9  8.6  12.6  10.8  23.6  29.5  21.7  
15th  22.7  26.0  18.9  9.7  8.2  7.4  9.4  3.2  7.0  24.5  16.9  32.1  
16th  30.5  23.2  4.8  10.1  9.0  8.9  7.8  10.9  16.7  23.8  4.8  31.0  
17th  25.5  18.4  20.1  10.9  3.8  9.2  6.3  9.1  19.0  24.9  22.9  30.5  
18th  27.5  16.1  19.9  13.7  9.8  7.9  5.8  9.4  15.7  25.1  20.1  22.1  
19th  29.7  9.9  19.7  12.7  2.5  6.0  7.7  11.6  16.6  9.8  27.5  12.1  
20th  13.2  22.4  11.3  12.4  9.8  9.2  5.9  13.9  17.3  24.0  28.6  19.0  
21st  25.1  25.0  6.1  3.6  6.8  5.0  10.3  7.9  13.0  12.8  29.5  31.9  
22nd  30.3  23.1  7.3  11.8  10.1  6.7  7.0  11.1  15.6  13.0  30.6  26.6  
23rd  19.2  23.5  17.2  11.9  7.4  8.2  5.4  9.7  17.3  21.8  18.9  21.2  
24th  27.6  13.2  16.1  9.9  8.0  7.3  8.3  13.0  12.0  18.7  13.8  25.7  
25th  29.8  23.9  13.5  5.8  5.7  5.3  9.0  13.3  10.9  12.5  17.0  29.0  
26th  16.9  24.2  14.6  6.4  8.2  7.8  8.7  8.5  20.4  12.2    31.9  
27th  29.3  23.9  7.6  7.1  8.3  4.4  8.7  11.8  11.7  26.1  20.5  30.6  
28th  29.2  23.6  17.8  6.0  7.6  5.4  9.8  14.6  12.8  16.8  31.1  13.5  
29th  29.4    14.7  7.9  8.0  5.0  10.1  9.1  14.5  27.1  28.3  9.3  
30th  3.7    13.0  7.3  6.9  8.4  8.3  12.3  16.1  17.0  23.1  13.6  
31st  26.8    12.3    8.5    11.5  15.9    24.8    31.7  
Lowest daily  1.3  3.9  4.8  3.0  2.5  4.4  3.9  3.2  3.5  7.5  4.8  0.7  
Monthly mean  23.4  20.5  16.8  10.8  8.3  7.2  7.9  10.1  12.6  18.3  22.8  22.4  
Mean  24.6  21.4  16.6  11.4  7.6  6.1  6.8  9.8  13.3  18.0  21.5  24.2  
Highest monthly mean  29.7  25.0  19.2  13.3  8.8  7.2  8.0  13.3  15.6  23.3  24.6  27.5  
Lowest monthly mean  22.1  17.5  14.7  8.4  6.0  5.2  5.6  8.3  10.2  15.2  19.2  20.4  
