Sydney17solar
1st  10.5  3.9  16.1  18.4  13.8  11.4  11.1  13.3  16.6  22.9  21.9  30.8  
2nd  13.8  16.3  19.3  7.1  13.4  9.5  11.2  13.3  17.5  21.4  22.8  10.2  
3rd  18.7  8.0  7.9  9.5  7.1  6.8  5.9  10.4  15.8  15.2  17.8  27.9  
4th  23.2  19.9  7.8  15.0  8.1  9.1  11.2  13.6  18.0  19.7  3.0  4.9  
5th  17.2  21.4  8.7  14.7  12.9  11.1  10.7  13.8  18.1  22.6  6.3  17.7  
6th  24.3  27.5  17.3  16.4  13.3  7.2  11.3  13.9  18.3  11.3  16.9  17.7  
7th  31.1  3.6  12.0  17.6  13.5  4.1  11.0  14.0  18.5  20.4  28.7  24.6  
8th  29.3  17.6  9.4  16.4  12.7  7.8  11.1  14.1  18.1  13.1  23.7  18.4  
9th  29.2  28.0  12.6  17.5  12.5  6.9  11.5  14.2  18.8  21.2  28.8  24.9  
10th  22.8  28.1  16.9  9.8  12.6  7.4  11.4  13.6  18.4  14.4  27.5  31.1  
11th  25.4  25.9  21.6  10.9  12.6  6.2  11.2  13.4  19.0  11.4  27.4  31.8  
12th  24.7  19.6  22.5  11.5  7.6  10.8  8.7  11.4  13.1  23.5  28.1  30.5  
13th  28.2  27.5  15.6  14.9  12.0  9.1  11.7  14.7  18.7  21.9  26.5  31.8  
14th  23.0  11.1  3.5  16.8  6.1  6.7  10.1  14.6  19.4  3.7  27.6  30.7  
15th  19.1  20.5  13.0  15.0  9.2  9.8  10.1  4.9  19.8  13.9  29.8  11.4  
16th  27.7  27.1  5.9  16.0  12.6  6.9  11.9  13.6  13.1  24.7  17.9  31.4  
17th  29.4  13.2  6.7  14.7  12.5  7.0  10.3  15.3  20.2  23.4  20.2  11.0  
18th  27.6  18.1  10.4  15.4  9.8  7.6  12.1  15.4  20.4  23.0  16.4  24.4  
19th  7.9  20.3  11.4  10.8  5.4  7.5  11.8  15.4  20.5  26.1  25.7  26.5  
20th  8.2  26.5  14.0  14.9  10.2  9.0  12.2  13.0  18.5  2.9  20.2  23.9  
21st  27.1  24.8  11.3  12.2  12.1  7.8  12.3  8.9  20.9  23.0  26.0  7.7  
22nd  28.4  26.1  14.4  10.9  10.4  10.3  12.4  16.0  20.9  18.8  24.9  25.1  
23rd  30.1  26.0  5.1  15.3  11.2  7.7  12.5  16.1  15.7  26.1  30.4  31.9  
24th  11.9  16.2  10.5  15.0  11.7  10.7  12.6  14.4  14.8  26.4  27.6  22.5  
25th  6.1  2.7  12.4  8.1  11.8  11.0  12.7  14.8  20.1  20.7  30.5  4.5  
26th  7.6  17.8  20.0  12.4  11.6  11.0  12.7  16.5  21.6  12.1    8.5  
27th  18.3  17.7  19.8  14.1  10.7  8.9  12.7  15.7  17.2  14.7  13.2  30.1  
28th  29.9  17.9  5.8  14.7  11.6  5.6  12.7  13.2  12.4  21.6  26.3  28.6  
29th  21.4    18.2  14.5  11.6  8.4  13.0  13.4  22.3  26.5  22.6  26.7  
30th  26.3    1.5  12.3  11.5  11.1  9.2  17.2  13.1  23.4  28.9  23.0  
31st  20.0    17.5    10.6    4.1  15.0    26.1    24.6  
Lowest daily  6.1  2.7  1.5  7.1  5.4  4.1  4.1  4.9  12.4  2.9  3.0  4.5  
Monthly mean  21.6  19.1  12.5  13.8  11.0  8.5  11.1  13.8  18.0  19.2  23.0  22.4  
Mean  22.9  20.1  17.0  13.6  10.3  8.5  9.7  13.1  16.9  19.9  21.6  23.1  
Highest monthly mean  27.2  24.0  21.3  16.3  11.7  10.2  11.4  15.1  19.0  24.1  27.8  27.4  
Lowest monthly mean  19.6  17.1  12.5  9.9  8.4  6.9  7.6  10.4  14.6  16.7  17.9  19.0  
