Townsville17temp
1st  33.9  31.9  33.1  30.5  28.9  23.4  24.6  26.5  27.3  29.7  30.9  30.3  
2nd  34.9  31.9  32.9  30.7  29.8  26.0  25.0  26.6  27.7  29.8  30.8  31.1  
3rd  34.4  31.9  30.9  31.5  29.1  26.1  25.8  26.8  27.6  29.9  31.0  32.0  
4th  33.6  31.9  30.5  31.1  29.9  25.8  26.7  27.2  28.0  29.8  30.8  31.3  
5th  33.3  32.3  32.2  30.0  30.7  26.0  26.7  28.0  29.2  30.6  30.8  34.7  
6th  31.3  31.9  32.7  30.5  29.8  26.5  26.5  26.1  30.3  30.0  30.6  33.2  
7th  31.4  32.6  33.8  31.2  30.0  25.9  27.4  28.0  28.3  30.0  31.2  33.1  
8th  32.5  33.3  32.3  30.5  29.5  23.5  27.1  30.4  27.8  30.1  31.2  32.6  
9th  32.7  33.6  29.9  31.1  30.0  24.0  27.3  26.4  27.8  29.7  29.6  31.9  
10th  33.1  32.5  30.5  32.5  29.8  23.9  28.0  27.0  27.9  30.1  30.1  32.9  
11th  32.7  32.1  31.2  32.1  26.4  22.2  28.6  27.5  28.1  30.4  30.7  32.6  
12th  31.5  33.4  31.4  30.4  25.4  26.4  26.6  27.3  28.3  30.0  30.4  31.3  
13th  32.3  35.9  33.0  30.7  27.8  25.9  26.5  27.4  28.5  30.3  30.8  32.0  
14th  32.5  37.2  33.5  30.1  28.3  23.7  24.9  27.6  33.7  30.4  29.1  31.8  
15th  28.9  33.9  33.4  30.0  28.8  25.9  27.0  27.1  28.1  30.2  30.4  31.8  
16th  30.5  29.4  33.3  29.4  28.7  26.4  27.4  27.7  27.9  23.6  30.1  33.2  
17th  31.0  31.7  34.8  29.0  27.5  26.5  26.5  28.0  29.5  26.5  30.9  32.7  
18th  31.3  32.2  33.4  30.1  21.7  27.7  27.2  28.9  28.8  26.6  30.2  32.2  
19th  32.8  32.7  32.1  29.8  22.8  26.4  28.1  30.4  24.7  27.3  30.7  32.2  
20th  32.6  32.2  31.5  29.3  27.7  26.8  25.1  25.7  28.7  29.7  30.3  32.6  
21st  33.0  31.5  31.0  30.7  27.1  26.7  24.8  24.9  28.5  29.1  27.8  32.0  
22nd  32.4  32.5  31.8  27.6  28.6    25.1  27.0  29.6  27.8  30.9  32.2  
23rd  32.9  31.3  31.0  29.5  28.8  25.9  25.8  27.2  28.8  29.2  29.1  32.3  
24th  31.5  32.4  30.4  29.7  27.9  25.6  27.1  27.4  28.4  28.8  29.9  32.7  
25th  31.3  31.9  33.5  29.1  28.5  25.8  26.8  30.2  28.4  29.0  30.0  32.5  
26th  32.2  31.9  32.5  29.3  27.2  26.6  27.2  26.7  29.5  29.1  30.5  32.4  
27th  32.0  32.1  32.1  33.0  26.8  27.2  26.6  26.4  30.4  29.5  31.0  32.8  
28th  32.3  32.2  30.9  28.2  27.3  26.9  27.1  27.8  28.9  30.3  30.9  32.6  
29th  32.5    32.1  26.4  26.8  27.0  27.5  27.5  29.5  31.0  31.5  33.2  
30th  32.5    33.8  29.3  27.7  26.8  27.1  27.4  30.4  30.3  30.0  33.6  
31st  31.4    34.7    28.5    27.6  27.2    31.0    33.3  
Lowest daily  28.9  29.4  29.9  26.4  21.7  22.2  24.6  24.9  24.7  23.6  27.8  30.3  
Monthly mean  32.3  32.5  32.3  30.1  28.0  25.8  26.6  27.4  28.7  29.3  30.4    
Mean  31.4  31.2  30.7  29.7  27.7  25.6  25.1  26.1  27.8  29.5  30.8  31.5  
Highest monthly mean  34.1  34.3  33.1  31.4  29.8  27.5  26.8  27.5  29.4  31.0  33.5  33.7  
Lowest monthly mean  28.2  28.8  29.0  27.6  26.1  22.9  23.6  24.3  26.1  27.5  28.9  29.2  
Highest Daily  44.3 7th   1994   42.7 13th   1969   37.6 15th   1993   35.8 2nd   1988   32.2 1st   1996   32.2 17th   2002   31.6 14th   1964   33.3 28th   1964   36.5 15th   2003   37.1 25th   1958   41.0 15th   1971   42.1 30th   1984   
Lowest Daily  23.9 8th   1966   24.5 2nd   1945   24.3 21st   1974   21.1 30th   1982   16.6 26th   1990   13.9 21st   2007   16.4 28th   1979   15.8 6th   1995   19.0 7th   1975   23.6 16th   2017   24.4 6th   1956   22.9 6th   1964   
