Adelaide17rain
1st  0  0  0  0.2  0  0  0  0  0  0  0  12.6  
2nd  0.2  0  0  0  3.0  0  0  0  5.0  0  0  0.4  
3rd  0  0  0  0  0.2  0  0.8  10.8  17.4  0  0  0.2  
4th  0  0  0  0  0  0  8.6  0.6  8.2  0  0  0.2  
5th  0  1.2  0  0  0  0  9.6  5.4  3.8  2.4  0  0.2  
6th  0  29.0  0  0  0  0  0  10.4  0  0  0  0  
7th  0  0  0  0  0  0  6.4  7.4  1.8  0.6  0  0.6  
8th  0    0  0  0  0  7.0  0.2  1.0  0.2  0  1.8  
9th  0  0  0  2.6  0  0.2  1.0  0  0.2  0.2  0  0  
10th  0  0    0.8  0  0  0.4  0  0  0  0  0  
11th  0  0  0  0  0  0  0  0  0  0  0  0  
12th  0  0  1.4  0  0  0  0  0  0.6  12.0  0  0  
13th  11.8  0  7.2  0  0  0  0  0  6.8    0  0  
14th  7.8  0  0  0  0  0  3.2  0  2.4  2.8  0  0  
15th  0  0  0  0  0  0  3.4  8.4  0.8  0  3.2  0  
16th  0  0  0  0  0  0.2  0  15.8  0.2  0  5.0  0  
17th  0  0  0  0  1.4  1.4  10.4  2.8  0  0  1.4  0  
18th  0  0  0  0  4.6  0.2  13.4  6.8  0  0  3.8  0  
19th  0  2.4  0  0  0.2  0  3.6  1.4  2.8  1.4  0.2  10.4  
20th  21.0  0.8  0  0.4  0  0  0  0.2  0  0.2  0  0  
21st  0  0  26.8  4.8  0  0  0  12.6  0  0  0  0.2  
22nd  0  0  0  0.2  0  0  0  0.2  0  0  0  0  
23rd  0  0  0  0  1.6  0  0  0.4  0  0  3.8  0  
24th  6.4  0  0  3.4  3.6  0  5.8  3.2  0  0  0.8  0  
25th  0  0  0  8.2  0.2  0  0.2  0.2  0.2  5.4  4.8  0  
26th  0  0  0  6.0  0  1.6  0.4  0  0  0  0.2  0  
27th  0  0  0  0  0  0  0  0.8  0  0  0  0  
28th  0  0  0  3.8  16.6  0  3.0  0.2  2.0  0  0  0  
29th  0    0  2.8  3.8  3.0  0  0  2.6  0  0  1.4  
30th  0    4.0  0  16.0  2.0  5.6  0  0.2  11.6  0  0  
31st  0    0    0    8.4  0    0    0.2  
Monthly Total  47.2  33.4  39.4  33.2  51.2  8.6  91.2  87.8  56.0  36.8  23.2  28.2  
Mean  20.9  15.9  27.4  39.4  60.8  77.0  77.7  67.8  59.6  41.9  29.5  29.1  
Median  20.1  10.4  20.2  33.2  61.8  76.8  72.2  69.2  54.8  36.4  28.6  23.2  
Highest Daily  28.0 22nd   1997   75.2 14th   2014   51.8 16th   1985   39.0 27th   2007   41.2 23rd   1999   54.6 21st   2005   37.6 5th   2016   43.2 30th   1992   43.2 2nd   2001   55.6 31st   1997   44.8 8th   2005   66.2 8th   2010   
Adelaide18rain
1st  0                        
2nd  0                        
3rd  0                        
4th  0                        
5th  0                        
6th  0                        
7th  0                        
8th  0                        
9th  0                        
10th  0                        
11th  0                        
12th                          
13th                          
14th                          
15th                          
16th                          
17th                          
18th                          
19th                          
20th                          
21st                          
22nd                          
23rd                          
24th                          
25th                          
26th                          
27th                          
28th                          
29th                          
30th                          
31st                          
Mean  20.9  15.9  27.4  39.4  60.8  77.0  77.7  67.8  59.6  41.9  29.5  29.1  
Median  20.1  10.4  20.2  33.2  61.8  76.8  72.2  69.2  54.8  36.4  28.6  23.2  
Highest Daily  28.0 22nd   1997   75.2 14th   2014   51.8 16th   1985   39.0 27th   2007   41.2 23rd   1999   54.6 21st   2005   37.6 5th   2016   43.2 30th   1992   43.2 2nd   2001   55.6 31st   1997   44.8 8th   2005   66.2 8th   2010   
