Adelaide17solar
1st  23.2  13.7  24.2  14.3  5.7  10.9  10.7  11.5  16.1  20.2  22.1  12.9  
2nd  31.2  23.7  24.0  15.3  8.9  10.9  10.7  6.8  6.9  22.9  25.0  12.4  
3rd  30.8  29.0  23.8  17.9  10.5  10.8  5.8  6.1  13.9  23.1  21.1  21.8  
4th  31.8  15.6  23.6  17.5  13.4  10.6  6.0  5.1  14.6  17.4  28.5  21.4  
5th  31.0  2.5  23.2  14.7  13.0  9.8  9.5  8.6  14.7  17.0  25.9  26.8  
6th  31.8  4.6  23.1  17.5  8.5  9.8  8.0  6.2  11.0  18.2  27.6  31.8  
7th  20.3  28.3  23.1  16.8  5.6  10.6  7.0  11.0  13.8  19.9  20.3  13.3  
8th  21.3  28.2  22.9  16.0  12.7  8.7  8.6  9.2  16.9  23.9  29.1  29.3  
9th  18.2  27.4  22.7  11.5  12.8  6.1  8.8  11.9  11.8  22.9  26.5  31.9  
10th  29.8  27.9  21.0  7.7  12.6  10.1  10.1  9.8  15.6  24.3  13.7  32.0  
11th  31.4  25.2  2.9  12.0  10.3  9.9  11.0  13.3  18.3  7.0  10.5  32.0  
12th  29.9  23.2  15.4  16.5  12.5  9.6  10.9  13.9  18.6  17.3  19.7  31.7  
13th  13.4  17.6  11.1  16.4  12.4  9.8  9.6  14.4  16.7  20.1  24.6  19.9  
14th  25.6  26.1  21.8  16.2  12.3  10.3  8.5  12.4  13.0  25.1  12.9  24.3  
15th  30.7  25.0  20.5  15.3  12.0  7.9  9.5  3.4  13.1  25.3  5.9  32.2  
16th  31.0  23.9  19.2  13.5  3.6  6.2  6.2  9.9  19.9  25.5  16.1  31.5  
17th  31.0  10.7  21.1  14.3  3.9  9.0  7.0  12.2  20.0  25.3  5.0  18.5  
18th  24.1  20.4  20.9  12.6  8.9  7.1  7.4  13.2  10.3  23.4  20.5  9.3  
19th  25.1  15.4  20.7  10.5  6.2  10.4  8.4  12.5  18.9  16.9  29.9  24.6  
20th  23.8  23.5  8.6  3.5  9.8  10.5  10.9  9.8  18.8  23.5  27.2  28.7  
21st  30.7  25.9  12.3  9.3  11.4  10.4  11.8  7.1  20.4  24.3  29.4  31.3  
22nd  29.0  24.4  7.5  13.9  2.9  10.5  11.8  11.2  21.1  16.4  23.0  32.0  
23rd  11.6  22.5  19.3  9.4  9.2  9.4  8.1  9.2  20.5  24.0  16.1  25.3  
24th  28.4  24.9  18.3  5.5  10.4  10.0  12.1  11.1  15.8  11.6  15.0  31.5  
25th  30.2  25.0  10.3  10.9  10.6  6.5  5.9  9.3  20.0  25.0  30.7  32.2  
26th  30.1  24.9  12.3  11.0  11.0  8.9  10.6  13.2  13.8  18.5    32.2  
27th  30.0  24.6  15.3  9.8  10.3  9.9  7.2  14.1  21.0  19.9  31.1  12.6  
28th  29.9  23.2  16.6  6.9  6.7  6.7  10.8  8.0  16.9  24.5  31.2  11.5  
29th  29.7    10.5  5.6  5.7  7.3  3.6  13.0  17.3  20.5  24.7  10.3  
30th  13.3    12.7  8.4  8.9  10.1  10.8  13.2  22.1  25.3  27.1  25.2  
31st  20.1    11.9    10.7    10.4  16.5    25.7    28.0  
Lowest daily  11.6  2.5  2.9  3.5  2.9  6.1  3.6  3.4  6.9  7.0  5.0  9.3  
Monthly mean  26.4  21.7  17.4  12.3  9.5  9.3  9.0  10.6  16.4  21.1  22.1  24.5  
Mean  27.5  24.2  19.2  13.4  9.2  7.5  8.2  11.4  15.4  20.5  24.5  26.5  
Highest monthly mean  32.1  28.1  22.2  15.3  10.4  9.3  9.6  14.6  18.4  24.6  27.3  29.6  
Lowest monthly mean  24.5  20.9  17.2  11.3  7.5  6.0  6.4  8.7  11.0  15.8  19.2  21.5  
Adelaide18solar
1st  26.9                        
2nd  26.7                        
3rd  29.7                        
4th  31.8                        
5th  31.9                        
6th  31.8                        
7th  24.4                        
8th  30.6                        
9th  30.6                        
10th  13.7                        
11th                          
12th                          
13th                          
14th                          
15th                          
16th                          
17th                          
18th                          
19th                          
20th                          
21st                          
22nd                          
23rd                          
24th                          
25th                          
26th                          
27th                          
28th                          
29th                          
30th                          
31st                          
Lowest daily  13.7                        
Monthly mean  27.8                        
Mean  27.5  24.2  19.2  13.4  9.2  7.5  8.2  11.4  15.4  20.5  24.5  26.5  
Highest monthly mean  32.1  28.1  22.2  15.3  10.4  9.3  9.6  14.6  18.4  24.6  27.3  29.6  
Lowest monthly mean  24.5  20.9  17.2  11.3  7.5  6.0  6.4  8.7  11.0  15.8  19.2  21.5  
