Brisbane17temp
1st  34.7  32.9  32.6  29.0  26.8  21.7  20.4  23.4  24.2  25.9    28.0  
2nd  32.5  32.9  32.1  27.7  27.5  22.8  21.6  22.7  24.6  22.2  28.2  29.4  
3rd  26.8  32.4  32.3  25.6  27.5  23.5  22.3  22.9  27.1  27.1  28.6    
4th  29.6  32.8  31.8  24.5  23.6  23.8    22.5  28.4  28.5  29.7  28.0  
5th  29.4  32.8  34.3  25.6  24.8  23.6  26.4  23.1  27.5  30.1  28.9    
6th  28.6  33.0  31.5  22.7  24.9  22.6  23.6  24.9  27.0  30.7  28.3  31.8  
7th  28.5  32.8  33.0  26.3  26.4  20.2  16.4  26.3  27.1  24.1  28.0  33.1  
8th  29.2  32.8  31.0  26.2  22.0  21.8  21.9  22.8  26.7  27.4  25.6  31.0  
9th  30.0  32.2  31.1  27.4  23.5  23.2  21.5  24.1  24.9  29.1  24.7  30.2  
10th  31.2  33.0  31.9  29.0  19.5  22.9  21.7  24.1  23.9  33.1  24.5  28.9  
11th  32.3  37.0  31.1  27.1  24.7  21.1  22.8  26.2  25.7  28.8  25.6  29.4  
12th  35.6  37.6  32.9  28.3  23.9  22.4  21.3  29.0  27.9  25.4  25.8  29.4  
13th  33.3  35.6  27.8  26.7  23.1  18.9  20.8  26.6  27.1  29.9  26.1  28.9  
14th  35.0  30.3  30.4  26.8  21.9  20.3  22.7  26.9  23.3  27.0  26.5  29.9  
15th  32.0  30.4  28.9  26.7  26.4  22.9  24.6  27.3  24.6  22.6  26.8  30.3  
16th  31.2  31.7  33.1  26.6  26.0  24.1  23.1  28.6  27.1  22.6  28.0  30.6  
17th  31.9  31.8  35.7  26.8  25.0  24.6    32.3  24.4  22.8  27.0  30.3  
18th  35.0  31.9  32.8  26.6  23.6  23.6  26.3  25.9  24.5  23.9  24.1  29.2  
19th  30.9  34.0  29.6  26.0  20.7  22.7  19.1  20.7  28.1  24.6  24.0  31.1  
20th  32.3  31.7  27.3  26.2  25.0  21.0  20.7  21.8  25.9  26.4  26.5  31.7  
21st  33.6  32.0  28.6    25.8  23.4  21.6  22.1  25.9  20.4  25.9  32.9  
22nd  29.1  30.3  27.9  24.8  25.9  22.7  21.8  24.9  28.2    25.5    
23rd  29.2  31.0  29.3  26.4  26.9  23.7  23.2  26.7  28.6  22.7  26.5  31.7  
24th  32.2  32.0  29.4  26.0  27.7  24.5  25.3  24.4  29.2  25.6  28.8  33.0  
25th  31.4  31.9  28.0  26.9  24.9  24.2  23.8  22.9  29.9  27.3  28.7  36.2  
26th  32.3  31.6    23.7  25.0  25.1  25.7  23.9  30.5  30.6  29.5  29.7  
27th  29.1  29.1  30.1  22.6  24.6  22.1  23.3  23.7  25.5  30.3  29.0  29.6  
28th  30.6  31.1  31.3  25.3  25.7  23.9  26.3  23.0  30.8  28.9  29.2  29.4  
29th  31.8    29.5  26.3  26.4  24.5  24.8  22.1  37.0  30.5  26.7  30.4  
30th      25.8  25.8  25.1  23.0  24.2  25.8  34.1  30.6  27.5  32.2  
31st  32.5    28.3    22.4    25.6  23.3    29.7    33.6  
Lowest daily  26.8  29.1  25.8  22.6  19.5  18.9  16.4  20.7  23.3  20.4  24.0  28.0  
Monthly mean  31.4  32.5  30.6  26.2  24.7  22.8  22.9  24.7  27.3  27.0  27.0    
Mean  30.3  30.1  29.1  27.1  24.5  21.9  21.9  23.3  25.7  27.1  28.1  29.4  
Highest monthly mean  31.5  32.5  30.8  28.8  27.0  23.3  23.0  25.5  27.6  28.8  30.2  32.1  
Lowest monthly mean  28.7  28.4  27.3  26.1  23.3  20.4  20.6  21.6  24.2  24.8  26.6  27.2  
Highest Daily  40.0 21st   2000   41.7 22nd   2004   37.9 11th   2007   33.7 4th   2006   30.7 20th   2003   29.0 16th   2002   29.1 23rd   2016   35.4 24th   2009   37.0 29th   2017   38.7 23rd   2004   38.9 16th   2014   40.0 24th   2001   
Lowest Daily  23.5 24th   2012   22.1 3rd   2003   22.8 12th   2003   18.0 30th   2015   18.0 22nd   2013   12.6 9th   2011   12.0 27th   2000   13.5 12th   2005   17.2 6th   2007   19.3 9th   2010   20.8 6th   2007   19.9 7th   2011   
Brisbane18temp
1st  32.1                        
2nd  30.8                        
3rd  31.2                        
4th  29.5                        
5th  29.5                        
6th  31.1                        
7th  31.5                        
8th  32.4                        
9th  32.1                        
10th                          
11th                          
12th                          
13th                          
14th                          
15th                          
16th                          
17th                          
18th                          
19th                          
20th                          
21st                          
22nd                          
23rd                          
24th                          
25th                          
26th                          
27th                          
28th                          
29th                          
30th                          
31st                          
Lowest daily  29.5                        
Monthly mean                          
Mean  30.3  30.1  29.1  27.1  24.5  21.9  21.9  23.3  25.7  27.1  28.1  29.4  
Highest monthly mean  31.5  32.5  30.8  28.8  27.0  23.3  23.0  25.5  27.6  28.8  30.2  32.1  
Lowest monthly mean  28.7  28.4  27.3  26.1  23.3  20.4  20.6  21.6  24.2  24.8  26.6  27.2  
Highest Daily  40.0 21st   2000   41.7 22nd   2004   37.9 11th   2007   33.7 4th   2006   30.7 20th   2003   29.0 16th   2002   29.1 23rd   2016   35.4 24th   2009   37.0 29th   2017   38.7 23rd   2004   38.9 16th   2014   40.0 24th   2001   
Lowest Daily  23.5 24th   2012   22.1 3rd   2003   22.8 12th   2003   18.0 30th   2015   18.0 22nd   2013   12.6 9th   2011   12.0 27th   2000   13.5 12th   2005   17.2 6th   2007   19.3 9th   2010   20.8 6th   2007   19.9 7th   2011   
