Brisbane17rain
1st  0  0  0  0.2  0  0  0.2  0  0  0  0  0.2  
2nd  0  0  0.4  0  0  0  0  0  0  6.6    0  
3rd  98.0  0  0  0  0  0  0  0  0  30.4  0  0.8  
4th  0.6  0  0  0  0  0  0  0  0  3.4  0  0  
5th  0  0  2.6  0.4  0  0.2  0.2  0  0  0  0  23.6  
6th  0.4  0  0.2  3.2  0  0  6.6  0  0  0  0    
7th  23.4    0  0.2  0  0  4.8  2.4  0  11.2  4.8  0  
8th  0.2  0  0  0  0  0  7.0  0  0  0  0  0  
9th  0  4.0  0  0  18.0  0  0.2  0  0  0  1.0  0.2  
10th  0  1.4  0  0  0.6  0  0  0  0  0  0  4.2  
11th  0  0  0  0  2.8  18.8  0.4  0  0  0  2.8  0  
12th  0  0  0.4  0  0  14.6  0  0  0  0  1.0  0  
13th  0.2  0  0  0  0  6.0  0  0  0  2.0  0.2  0  
14th  0  8.6  0  0  0.2  10.2  0  0  0  0  0  0  
15th  0  0.2  2.8  0  0.4  24.8  0  0  0  25.8  0  0  
16th  83.2  0  0.2  0  0.2  0  23.4  0  0  26.4  0  0.8  
17th  0.2  0  0  0  0  0  0  0  0  4.6  0  0.2  
18th  0  0  41.8  0  0  0.2  0  0  0  12.4  9.0  0  
19th  0  1.2  11.0  0  10.6  0  4.2  0.4  0  1.8  28.4  0  
20th  0  15.2  24.2  0  3.0  0  0  0  0  0  5.8  0  
21st  0  0  90.6  0.4  0  0  0  0  0  3.8  1.8  0  
22nd  2.4  0  3.8    0.2  0  0  0  0  11.4  0.4  0.4  
23rd  0  0  0.6  0  0  0  0  0.2  6.0  2.8  0    
24th  0  0  0.8  0  0  0  0  0  0  0.2  1.2  0  
25th  0  0  10.0  0.2  0.2  0  0  2.2  0  0  0  0  
26th  0  0  0.2  0.2  0  0  0  0  0  0  0  54.8  
27th  3.2  0  0  1.0  0  0  0  0  0  0.8  0  3.0  
28th  6.6  0  0  0  0  0.2  0  0  0  0  0  0.6  
29th  0    0  0  0  0  0  0  0  0  18.2  9.0  
30th  0      0  0  5.0  0  0  0  5.2  28.0    
31st          0    0  0    0    0  
Monthly Total  218.4  30.6    5.8  36.2  80.0  47.0  5.2  6.0  148.8  102.6  97.8  
Highest Daily  168.4 25th   2012   121.4 17th   2010   138.0 10th   2001   76.4 29th   2012   182.6 2nd   2015   110.6 20th   2016   25.0 27th   2001   78.0 11th   2010   41.6 5th   2008   93.6 11th   2010   79.4 20th   2008   84.0 31st   2001   
Brisbane18rain
1st  0.4                        
2nd  0                        
3rd  4.8                        
4th  0                        
5th  0                        
6th  0                        
7th                          
8th                          
9th  0                        
10th  0                        
11th                          
12th                          
13th                          
14th                          
15th                          
16th                          
17th                          
18th                          
19th                          
20th                          
21st                          
22nd                          
23rd                          
24th                          
25th                          
26th                          
27th                          
28th                          
29th                          
30th                          
31st                          
Highest Daily  168.4 25th   2012   121.4 17th   2010   138.0 10th   2001   76.4 29th   2012   182.6 2nd   2015   110.6 20th   2016   25.0 27th   2001   78.0 11th   2010   41.6 5th   2008   93.6 11th   2010   79.4 20th   2008   84.0 31st   2001   
