Melbourne17rain
1st  0  0  0  0  0  0.4  0  0  0  0  0.4  1.8  
2nd  0.4  0  0  0.4  2.4  0  0  0  0  0  1.4  20.6  
3rd  0.4  0  0  0  0.8  0  0  0  0  0  1.4  43.8  
4th  0  0  0  0  0  0  3.0  6.6  0.4  0  0.4  5.4  
5th  0  0  0.2  0  0  0  0  0  0.2  0  0  1.8  
6th  0  32.4  0  0  0.2  6.4  0  0  4.8  2.4  0  0  
7th  0  0  0  0  1.4  0  0  4.2  0.8  0.2  3.4  0  
8th  0  0  0  0  1.8  0  0  2.2  3.2  0  0  25.2  
9th  0  0  0  10.6  1.6  1.8  0.8  0  1.2  2.4  0  0  
10th  0  0  0  25.4  0  0  0  0  0.2  0.2  0  0  
11th  0  0  0  15.4  0  0.2  0.4  0  0  0  0  0  
12th  0  2.0  0  0  0  0  0  2.8  0.2  10.0  0  0  
13th  1.4  0  0.2  0  0.2  0  0  2.0  2.0  0  0  0  
14th  2.6  0.6  0  0  0  0  2.0  0  1.4  0  0  0  
15th  0  0  0  0  0  0  0  0.2  0  0  0  0  
16th  0  0  1.8  0  0  0  0  0.8  21.4  0  3.6  0  
17th  0  0  0  0  0  0  0  1.8  0.2  0  4.2  0  
18th  0  0  0  0  0.8  0  0.2  2.8  0  0  0  0  
19th  0  0  0  0  0  0  5.0  7.2  0.2  0  24.8  0  
20th  22.6  3.6  0  0  0  0  0.6  2.0  0  2.6  0  20.6  
21st  0.6  0.2  4.4  9.4  0  0.6  4.2  0.6  0  0  0  0  
22nd  0  0  9.2  4.6  0  0.2  0  1.6  0  0  0  0  
23rd  0  0  0  0  0  0  0  0  0  0  0  0  
24th  0.6  1.4  0  0  0  1.4  7.0  9.2  0.4  0.2  1.0  0.4  
25th  0  0  0  21.6  0  0  0  0.6  1.6  11.4  0.4  0  
26th  0  0  0  20.0  0  1.4  2.4  0  0.4  0.2  3.4  0  
27th  0  0  0  15.4  0  0  2.0  7.8  0  0  1.4  0  
28th  0  0  4.2  0.4  6.8  0  2.8  0.6  0  0.4  0.2  0  
29th  0    0.2  0.2  1.4  0  0  0  0  0  0  0.2  
30th  0    3.4  0  2.2  4.4  0  0.6  1.0  4.4  0  8.4  
31st  3.0    2.8    5.4    0  0.2    6.0    0.2  
Monthly Total  31.6  40.2  26.4  123.4  25.0  16.8  30.4  53.8  39.6  40.4  46.0  128.4  
Highest Daily  22.6 20th   2017   32.4 6th   2017   15.8 1st   2015   25.4 10th   2017   12.4 26th   2016   13.8 24th   2016   28.4 13th   2015   17.4 28th   2015   30.2 26th   2013   22.4 27th   2014   36.6 16th   2014   43.8 3rd   2017   
Melbourne18rain
1st  0                        
2nd  0                        
3rd  0                        
4th  0.2                        
5th  0                        
6th  0                        
7th  0                        
8th  0                        
9th  0                        
10th  0                        
11th  0                        
12th                          
13th                          
14th                          
15th                          
16th                          
17th                          
18th                          
19th                          
20th                          
21st                          
22nd                          
23rd                          
24th                          
25th                          
26th                          
27th                          
28th                          
29th                          
30th                          
31st                          
Highest Daily  22.6 20th   2017   32.4 6th   2017   15.8 1st   2015   25.4 10th   2017   12.4 26th   2016   13.8 24th   2016   28.4 13th   2015   17.4 28th   2015   30.2 26th   2013   22.4 27th   2014   36.6 16th   2014   43.8 3rd   2017   
