Sydney17rain
1st  0  1.4  27.4  4.1  0  0  0  6.8  0  0  0  0  
2nd  0  3.6  4.4  31.6  0  0  0  0  0  0  0  0  
3rd  4.0  0  32.5  8.6  1.5  0  0  3.0  0  0  0  12.2  
4th  2.8  0  33.0  0.8  2.4  2.2  0.2  13.6  0  0  1.6  1.6  
5th  6.4  0  9.8  0  0.4  0  0  0  0  0  29.4  12.2  
6th  2.8  0  1.8  0  0  0  0  0  0  0  5.2  0  
7th  14.6  7.8  0.4  0  0.2  52.6  0  0  0  0  5.4  6.6  
8th  0  84.8  5.4  0  0  70.8  0  0  0  0  0  0  
9th  0  9.6  1.0  0  0.6  4.6  0  0  0  0.8  0  0.8  
10th  0.6  0  0.4  8.2  0  43.0  0  0  0  0  0  0  
11th  0  0  0  7.4  0  18.0  0  0  0  1.2  0  0  
12th  0  0  0  19.0  0  0  2.2  0  0  2.2  0  0.1  
13th  0  0  0  1.5  4.0  4.0  11.8  0  0  0  0  0  
14th  0  0  0.4  0  0  0.4  0  0  0.6  0  0  0  
15th  0  45.2  40.2  0  4.6  0  0.6  0  0  0.4  0  0.4  
16th  0  0  6.6  0  0  0  0  0.4  0  0  0  1.4  
17th  0  0  21.8  0  0  3.4  0  0  0  0  1.2  0.8  
18th  0  11.0  43.4  0  0  0  0  0  0  0  6.0  0  
19th  0.4  3.8  5.2  0  0.4  1.4  0  0  0  0  6.7  0  
20th  0.2  0.6  2.3  0.2  17.2  4.8  0  0.4  0  8.2  3.4  0  
21st  7.8  0  0  0  0  0  0  0  0  16.7  2.6  4.4  
22nd  0  0  23.2  0  0  0  0  0  0  0  6.0  0  
23rd  0  0  19.6  0  0  0  0  0  0  3.6  0.1  0  
24th  0  0  10.2  0  3.0  0  0  0  0  0  0  0  
25th  16.0  9.4  4.6  0  0  0  0  0.2  0  0  0  2.5  
26th  0  31.0  0  2.4  0  0  0  0  0  0.8  0  1.5  
27th  0  25.2  0  0.4  0  0  0  0  0  27.0  0  3.6  
28th  0  2.6  0  0  0  0  0  1.8  0  0.1  0    
29th  0    1.0  0  0  1.8  0  0  0  0  2.0  4.1  
30th  0    45.5  0.3  0  0.2  0  0.2  0  0  2.2  1.8  
31st  0    0.3    0    0  0    0    1.4  
Monthly Total  55.6  236.0  340.4  84.5  34.3  207.2  14.8  26.4  0.6  61.0  71.8    
Mean  103.6  113.2  134.5  123.1  120.8  135.4  97.6  85.9  68.0  75.1  85.1  82.2  
Median  78.5  75.8  100.5  88.4  90.0  96.8  77.6  56.0  51.8  51.7  72.6  65.8  
Highest Daily  185.9 13th   1911   264.0 9th   1992   277.4 28th   1942   147.8 11th   1998   230.0 1st   1988   125.8 5th   2016   181.1 7th   1931   340.0 6th   1986   108.8 15th   1990   141.7 22nd   1960   248.2 9th   1984   130.0 13th   1910   
Sydney18rain
1st  0                        
2nd  0                        
3rd  2.4                        
4th  0.8                        
5th  0.8                        
6th  0                        
7th  0                        
8th  2.6                        
9th  21.4                        
10th  7.4                        
11th                          
12th                          
13th                          
14th                          
15th                          
16th                          
17th                          
18th                          
19th                          
20th                          
21st                          
22nd                          
23rd                          
24th                          
25th                          
26th                          
27th                          
28th                          
29th                          
30th                          
31st                          
Mean  103.6  113.2  134.5  123.1  120.8  135.4  97.6  85.9  68.0  75.1  85.1  82.2  
Median  78.5  75.8  100.5  88.4  90.0  96.8  77.6  56.0  51.8  51.7  72.6  65.8  
Highest Daily  185.9 13th   1911   264.0 9th   1992   277.4 28th   1942   147.8 11th   1998   230.0 1st   1988   125.8 5th   2016   181.1 7th   1931   340.0 6th   1986   108.8 15th   1990   141.7 22nd   1960   248.2 9th   1984   130.0 13th   1910   
