Sydney17temp
1st  26.6  23.6  27.2  25.6  25.6  18.3  16.4  18.1  19.2  23.1  22.2  27.5  
2nd  26.3  27.1  26.3  22.0  23.9  18.1  17.6  18.2  19.4  22.9  22.6  26.8  
3rd  26.6  26.4  24.8  22.0  18.4  17.4  15.8  17.4  27.2  22.1  26.9  29.2  
4th  25.9  30.4  23.3  22.8  20.0  19.7  21.8  17.3  22.2  23.8  17.1  18.6  
5th  24.3  34.9  23.0  23.3  21.6  19.6  20.8  19.9  18.7  23.4  19.5  25.3  
6th  26.5  34.7  25.7  23.4  26.2  17.9  18.2  21.3  19.9  22.1  26.3  26.0  
7th  26.8  24.9  23.2  23.8  22.2  15.5  19.1  18.4  21.9  22.0  21.8  31.3  
8th  28.5  27.0  23.5  24.9  20.1  18.1  18.1  19.3  20.4  21.4  21.7  27.7  
9th  29.9  30.9  25.1  28.7  21.0  18.9  18.0  20.9  19.4  30.0  22.1  24.1  
10th  31.3  37.5  25.8  17.9  21.7  18.1  17.3  24.2  19.1  21.3  23.4  24.8  
11th  37.7  36.2  26.1  23.0  22.1  17.2  18.4  25.9  22.7  23.2  23.7  26.5  
12th  28.4  31.9  26.4  22.7  19.6  20.4  14.8  21.4  27.2  29.6  22.5  27.0  
13th  30.5  27.3  27.4  23.6  21.3  18.7  17.4  20.6  33.8  23.2  22.3  28.0  
14th  32.5  24.0  25.9  24.7  18.7  17.8  20.8  23.1  17.3  22.3  22.9  30.8  
15th  27.0  26.1  25.9  23.8  20.8  20.1  19.8  22.4  22.8  22.4  24.4  26.6  
16th  27.2  30.0  24.9  26.9  21.9  17.3  18.4  21.8  24.2  23.3  24.4  28.5  
17th  36.6  29.9  22.7  24.1  20.2  19.1  19.3  22.4  18.6  23.5  24.0  26.8  
18th  38.1  29.4  25.8  24.3  21.5  18.0  22.9  16.9  21.0  23.2  22.6  27.6  
19th  24.5  26.1  26.2  24.9  20.4  18.3  17.5  16.5  25.2  25.3  23.6  35.3  
20th  29.2  28.3  27.9  24.0  23.2  20.0  17.5  16.2  19.0  19.6  22.9  38.3  
21st  27.4  27.6  27.1  23.9  23.5  19.6  18.0  17.7  21.3  20.0  23.6  24.5  
22nd  26.5  27.7  31.9  24.1  21.0  19.2  19.1  20.2  27.7  21.7  24.4  26.1  
23rd  32.6  28.1  23.3  26.7  22.6  17.7  22.1  19.9  32.2  23.0  24.7  28.3  
24th  37.0  28.0  24.1  23.9  22.7  19.3  21.3  18.0  29.2  24.3  25.9  37.7  
25th  24.3  20.8  24.5  26.7  21.4  19.3  20.6  17.9  26.7  26.9  26.4  21.7  
26th  25.5  25.5  26.5  24.8  20.8  18.8  21.3  20.4  22.2  24.6  26.8  23.8  
27th  27.1  26.6  27.0  20.0  20.6  14.8  17.5  19.5  22.7  24.2  25.1  26.2  
28th  29.7  26.7  23.8  21.8  23.7  14.3  19.1  16.3  25.7  25.1  27.7  27.4  
29th  30.2    28.8  22.7  18.3  16.9  21.2  16.7  26.9  29.6  26.4  28.8  
30th  34.3    26.0  22.6  17.1  16.5  26.5  19.0  24.1  35.4  26.7  36.2  
31st  39.4    22.6    16.3    16.5  17.7    20.5    25.3  
Lowest daily  24.3  20.8  22.6  17.9  16.3  14.3  14.8  16.2  17.3  19.6  17.1  18.6  
Monthly mean  29.6  28.5  25.6  23.8  21.2  18.2  19.1  19.5  23.3  24.0  23.8    
Mean  26.0  25.8  24.8  22.5  19.5  17.0  16.4  17.9  20.1  22.2  23.7  25.2  
Highest monthly mean  29.6  29.0  27.1  25.6  23.2  20.3  19.5  21.3  24.4  26.2  26.5  28.6  
Lowest monthly mean  23.1  23.6  22.4  20.0  16.6  14.1  13.4  14.9  17.4  19.2  20.6  22.5  
Highest Daily  45.8 18th   2013   42.1 8th   1926   39.8 9th   1983   34.2 6th   2016   30.0 1st   1919   26.9 11th   1931   26.5 30th   2017   31.3 26th   1995   34.6 26th   1965   38.2 13th   2004   41.8 25th   1982   42.2 20th   1957   
Lowest Daily  17.2 14th   1948   15.6 28th   1863   16.2 13th   1886   13.8 22nd   1927   11.3 24th   1904   9.7 13th   1899   7.7 19th   1868   9.1 9th   1872   9.5 8th   1869   12.1 2nd   1871   12.6 16th   1988   15.2 24th   1870   
Sydney18temp
1st  29.8                        
2nd  27.0                        
3rd  25.1                        
4th  24.0                        
5th  26.1                        
6th  29.8                        
7th  43.4                        
8th  31.9                        
9th  30.2                        
10th  24.9                        
11th                          
12th                          
13th                          
14th                          
15th                          
16th                          
17th                          
18th                          
19th                          
20th                          
21st                          
22nd                          
23rd                          
24th                          
25th                          
26th                          
27th                          
28th                          
29th                          
30th                          
31st                          
Lowest daily  24.0                        
Monthly mean                          
Mean  26.0  25.8  24.8  22.5  19.5  17.0  16.4  17.9  20.1  22.2  23.7  25.2  
Highest monthly mean  29.6  29.0  27.1  25.6  23.2  20.3  19.5  21.3  24.4  26.2  26.5  28.6  
Lowest monthly mean  23.1  23.6  22.4  20.0  16.6  14.1  13.4  14.9  17.4  19.2  20.6  22.5  
Highest Daily  45.8 18th   2013   42.1 8th   1926   39.8 9th   1983   34.2 6th   2016   30.0 1st   1919   26.9 11th   1931   26.5 30th   2017   31.3 26th   1995   34.6 26th   1965   38.2 13th   2004   41.8 25th   1982   42.2 20th   1957   
Lowest Daily  17.2 14th   1948   15.6 28th   1863   16.2 13th   1886   13.8 22nd   1927   11.3 24th   1904   9.7 13th   1899   7.7 19th   1868   9.1 9th   1872   9.5 8th   1869   12.1 2nd   1871   12.6 16th   1988   15.2 24th   1870   
