Townsville17solar
1st  26.3  23.0  26.8  23.9  19.9  12.2  9.7  19.3  21.6  16.6  23.4  23.0  
2nd  19.8  28.7  24.4  20.3  19.9  13.5  12.8  19.0  22.4  21.8  27.8  28.7  
3rd  26.4  29.3  9.8  21.6  19.4  12.4  14.3  19.6  22.3  25.0  27.9  22.7  
4th  24.2  25.1  18.3  20.2  15.3  17.8  15.5  17.3  22.8  25.2  28.8  29.1  
5th  21.8  26.2  23.5  22.1  15.7  17.7  17.1  18.1  22.9  25.7  29.0  28.9  
6th  7.5  28.6  20.0  22.8  12.0  17.0  17.4  10.6  23.1  25.6  29.0  29.0  
7th  17.3  26.0  25.9  17.6  15.9  17.7  17.6  17.6  22.8  26.0  28.9  28.5  
8th  20.7  27.2  20.7  22.7  18.7  17.6  17.1  20.2  23.0  26.5  28.7  27.8  
9th  19.3  28.8  13.6  23.0  17.9  17.6  17.3  20.2  23.0  26.4  12.8  29.4  
10th  28.3  27.3  26.5  22.9  17.0  14.2  16.3  18.1  22.6  26.6  24.4  30.1  
11th  25.4  24.1  25.9  21.8  19.3  6.8  15.8  19.2  21.4  26.1  26.1  30.0  
12th  24.7  28.2  26.1  22.6  11.8  17.6  17.3  20.4  22.6  26.6  27.8  29.3  
13th  24.0  28.6  26.0  22.4  17.2  17.4  16.4  20.5  20.3  26.3  25.3  29.9  
14th  10.1  28.2  26.0  19.1  18.6  11.7  13.4  20.5  22.8  24.8  14.5  30.1  
15th  13.5  20.7  22.6  21.2  18.9  17.5  16.8  20.5  23.0  18.9  27.8  29.9  
16th  28.2  7.8  23.9  17.8  18.8  17.0  18.2  19.8  23.8  5.5  28.5  27.8  
17th  29.4  27.7  25.0  19.3  13.1  17.4  18.2  20.0  23.5  10.1  27.5  29.3  
18th  29.9  25.8  16.9  21.4  4.7  17.4  18.2  21.1  22.2  13.4  29.1  29.7  
19th  29.9  23.5  19.7  15.0  6.3  17.2  18.4  21.2  10.2  9.0  26.7  29.9  
20th  29.9  22.2  22.6  14.8  18.5  17.2  18.5  21.3  24.2  24.7  28.2  27.4  
21st  29.7  21.4  21.0  19.1  18.2  17.4  18.6  21.3  24.6  18.1  10.3  29.9  
22nd  29.8  24.8  23.7  11.8  18.1  17.4  18.6  21.4  23.0  19.3  23.7  29.6  
23rd  29.8  18.2  17.9  17.2  16.7  13.9  18.7  21.1  24.7  26.2  27.1  28.6  
24th  22.3  27.6  13.9  20.3  18.4  13.4  18.4  21.0  24.8  24.3  29.7  29.5  
25th  21.7  23.2  23.4  20.9  18.3  14.9  18.8  21.7  24.9  26.8  29.6  29.4  
26th  27.8  27.2  20.2  20.0  18.0  17.5  18.9  21.6  24.9  28.3  29.7  29.9  
27th  29.6  27.6  14.7  20.7  17.6  16.4  19.0  21.7  25.3  28.4  29.2  26.4  
28th  29.2  26.9  4.5  20.6  18.1  15.4  18.8  21.7  25.4  28.3  17.7  28.8  
29th  28.6    15.8  20.6  16.8  16.2  19.0  20.5  24.5  25.6  28.8  28.7  
30th  22.7    23.9  19.1  14.7  14.0  17.4  22.1  22.6  24.9  28.5  28.8  
31st  7.9    24.0    17.6    15.9  22.2    27.1    29.1  
Lowest daily  7.5  7.8  4.5  11.8  4.7  6.8  9.7  10.6  10.2  5.5  10.3  22.7  
Monthly mean  23.7  25.1  20.9  20.1  16.5  15.7  17.0  20.0  22.9  22.8  25.9  28.7  
Mean  23.6  21.9  21.4  19.2  16.6  15.4  16.7  19.5  23.0  25.0  25.5  25.3  
Highest monthly mean  28.1  28.4  25.3  21.9  19.5  17.0  18.5  22.1  25.0  27.9  28.4  28.7  
Lowest monthly mean  16.3  16.4  15.9  15.8  14.1  11.4  14.1  15.5  19.3  22.4  18.8  20.7  
Townsville18solar
1st  28.9                        
2nd  18.3                        
3rd  26.5                        
4th  21.7                        
5th  5.6                        
6th  26.6                        
7th  29.9                        
8th  26.9                        
9th  29.5                        
10th  30.0                        
11th                          
12th                          
13th                          
14th                          
15th                          
16th                          
17th                          
18th                          
19th                          
20th                          
21st                          
22nd                          
23rd                          
24th                          
25th                          
26th                          
27th                          
28th                          
29th                          
30th                          
31st                          
Lowest daily  5.6                        
Monthly mean  24.4                        
Mean  23.6  21.9  21.4  19.2  16.6  15.4  16.7  19.5  23.0  25.0  25.5  25.3  
Highest monthly mean  28.1  28.4  25.3  21.9  19.5  17.0  18.5  22.1  25.0  27.9  28.4  28.7  
Lowest monthly mean  16.3  16.4  15.9  15.8  14.1  11.4  14.1  15.5  19.3  22.4  18.8  20.7  
