Townsville17rain
1st  0  54.2  0  0  0  0  0  0  0  0  0  3.8  
2nd  0  0.2  0  0  0  0  0.2  0  0  0.2  0  0  
3rd  0.4  5.4  4.0  1.4  0  0  0  0  0  1.8  0    
4th  0  0  9.4  0  0  0  0  0  0  0  0  5.0  
5th  5.2  1.4  0  0  0.8  0  0  0  0  0  0  0  
6th  34.8  0  0  0  0  0  0  0.2  0  0  0  0  
7th  36.2  1.6  0  0  0.2  0  0  4.0  0  0  0  0  
8th  0  0.2  2.4  0  0  0  0  0.2  0  0  0  0  
9th  0.6  0  10.4  0  0  0  0  0  0  0  0.2  0  
10th  0  0  14.4  0  0  0  0  0  0  0  0.8  0  
11th  0.8  0  0  0  0  0  0  0  0  0  0  0  
12th  18.8  0  0  0  0  0.4  0  0  0  0  0  6.0  
13th  0.4  0  0  0  2.0  0  0  0  0  0  0  0  
14th  1.4  0  0  13.2  0  0  0  0  0  0  0.2  0  
15th  6.2  1.8  0  0  0  0  0  0  0  0  0.6  0  
16th  32.4  38.0  0  0  0  0  0  0  0  10.6  0  0  
17th  4.4  13.6  0  0.4  0  0  0.4  0  0  10.4  0  0.2  
18th  0  0  0  0.2  39.8  0  0  0  0  20.2  0  0  
19th  0  0  10.4  0  120.8  0  0  0  0  5.2  0  0  
20th  0  1.8  37.0  0.4  1.8  0  0  0  0.8  15.0  0.2  0  
21st  0  0  3.2  0.2  0  0  0  0  0  0  0  0  
22nd  0  0  0.4  3.2  0  0  0  0  0  8.4  0.2  1.4  
23rd  0.2  20.0  33.0  1.4  1.0  0  0  0  0  0  19.6  0.2  
24th  19.0  0.6  36.2  0.2  0  0  0  0  0  3.2  0  0  
25th  0  0  0.6  0  0  0  0  0  0  0  0  0  
26th  1.2  0  0  0  0  0  0  0  0  0  0  0  
27th  0  0  0  0  0  0  0  0  0  0  0  0  
28th  0  0.4  0  0  0  0  0  0  0  0  0  0  
29th  1.2    4.6  0  0  0  0  0  0  0  0  0  
30th  0    0  0  0  0  0  0  0  0  12.8  0.2  
31st  1.0    0    0    0  0    1.8    0  
Monthly Total  164.2  139.2  166.0  20.6  166.4  0.4  0.6  4.4  0.8  76.8  34.6  16.8  
Mean  268.7  296.6  192.1  65.8  33.5  21.0  14.7  15.9  10.3  24.1  58.1  125.0  
Median  198.2  227.8  141.2  30.4  18.3  9.6  2.6  4.2  2.2  13.4  29.1  77.5  
Highest Daily  548.8 11th   1998   317.6 1st   1977   366.5 3rd   1946   271.6 4th   2000   120.8 19th   2017   93.0 6th   1990   89.8 10th   2012   134.2 30th   1998   64.6 20th   2010   89.4 14th   1975   132.8 24th   1950   206.8 31st   2009   
